0.0467872,8.821954,18.938623,9.095037,21.014714,-3.24305122870109,5.76121707249581
0.0816608,8.744748,18.987661,9.065479,21.082753,-3.49078572276674,6.19435057824689
0.1153792,8.725447,19.105352,9.085184,21.063313,-3.10900445889826,6.31213948130885
0.1428512,8.696494,19.095544,9.045775,21.189672,-3.57083520284557,6.63890966487097
0.1952944,8.715796,19.095544,9.134447,21.199392,-3.84687111052929,6.35662917831459
0.2253216,8.686844,19.017084,9.114742,21.150793,-4.02140012921924,6.33583420748591
0.2566192,8.667542,19.017084,9.085184,21.199392,-4.1646463895062,6.52768857336899
0.2966496,8.667542,19.115159,9.085184,21.209112,-3.81724972183298,6.65728700634912
0.3278096,8.571035,19.134775,9.055627,21.296591,-4.32303313134799,7.12958313100052
0.3578592,8.609638,19.203428,9.045775,21.296591,-3.87053578350373,7.13280463513051
0.4003408,8.455227,19.223043,9.035922,21.335471,-4.4986820824589,7.65185958742845
0.4391152,8.406973,19.301503,8.986660,21.413230,-4.48216362407523,8.10388629877115
0.4691216,8.387672,19.311311,8.966955,21.384070,-4.34540961956448,8.18847925633228
0.5028592,8.339418,19.281888,8.976807,21.384070,-4.68380332039052,8.25974914533855
0.5503312,8.329768,19.321118,8.917693,21.403510,-4.42695004551416,8.51834086455077
0.581616,8.281514,19.468232,8.907840,21.413230,-4.04093061227995,8.86180343971981
0.6116128,8.262213,19.517270,8.858578,21.393790,-3.68012197279396,9.08586557870629
0.6590992,8.281514,19.556500,8.878283,21.490989,-3.86942955816131,9.13581338772313
0.7041952,8.194658,19.615346,8.819168,21.471549,-3.69835811217325,9.58535250459973
0.7341136,8.291165,19.546693,8.848726,21.286871,-3.03533688813866,8.9429933159493
0.7865824,8.271863,19.517270,8.750201,21.277151,-2.83575365905641,9.22463109979511
0.8178704,8.213959,19.576115,8.769906,21.364631,-3.21720370058365,9.50029193557095
0.8486528,8.242911,19.693806,8.829021,21.422950,-3.06875958946401,9.4586104239685
0.8865744,8.252562,19.605538,8.858578,21.393790,-3.3747384465614,9.21473399606822
0.9191152,8.291165,19.625153,8.947250,21.286871,-3.08392014484625,8.76185452089054
0.9485648,8.320117,19.517270,8.907840,21.209112,-2.97027462140195,8.57429357444595
0.9818688,8.455227,19.487847,8.878283,21.179952,-2.34971099783235,8.21425874068873
1.0178656,8.416624,19.468232,8.986660,21.189672,-2.99901551405019,8.01053374396225
1.0491072,8.464877,19.438809,8.927545,21.160513,-2.60939262262634,7.97139896119232
1.0791552,8.493830,19.429002,8.957103,21.121633,-2.50175467579359,7.75298227341141
1.1191088,8.455227,19.389771,8.966955,21.179952,-3.04817285607478,7.8545885507205
1.150368,8.416624,19.497655,8.878283,21.238272,-2.67069948809244,8.40059307875076
1.1803792,8.493830,19.507462,8.947250,21.257712,-2.65112157539496,8.03280682574975
1.214224,8.426275,19.429002,8.848726,21.277151,-2.93286158102828,8.42064983216604
1.2516192,8.378021,19.478040,8.927545,21.209112,-2.9684877416325,8.31402505016919
1.2941056,8.426275,19.438809,8.927545,21.209112,-2.93348268954678,8.13492886313857
1.3467792,8.378021,19.556500,8.927545,21.228552,-2.7341723362523,8.42868870107537
1.3844416,8.358720,19.595731,8.878283,21.131353,-2.13076729176188,8.55011032521656
1.4156944,8.387672,19.566308,8.878283,21.092473,-1.9924241723189,8.39009098163327
1.4469568,8.387672,19.517270,8.858578,21.053594,-1.97070751342219,8.3412916180391
1.486624,8.426275,19.487847,8.937398,21.043874,-2.18461423280722,7.97082184930339
1.5178864,8.445576,19.438809,8.927545,21.063313,-2.33440823750017,7.90979105808682
1.5486176,8.484179,19.507462,8.947250,21.170232,-2.37485309236767,7.95647788434642
1.5954768,8.532432,19.507462,8.947250,21.034154,-1.69902683946633,7.66333389288654
1.6303504,8.561385,19.409387,8.947250,21.121633,-2.28089670525674,7.57132297844151
1.6603792,8.590337,19.370156,8.976807,21.111913,-2.39192688460711,7.3528416250679
1.6953808,8.571035,19.360349,8.947250,21.141073,-2.50309979385023,7.50975179965597
1.7319104,8.551734,19.301503,9.065479,21.063313,-2.95123548464824,7.0760089222434
1.762952,8.542083,19.399579,8.927545,21.111913,-2.28761851666903,7.65527241053601
1.7928496,8.542083,19.478040,8.966955,21.121633,-2.16113873538875,7.65147820493764
1.8329088,8.522782,19.438809,8.966955,21.218832,-2.73584593207253,7.77284503465828
1.8641344,8.464877,19.419194,8.907840,21.247992,-2.928605329144,8.10554513417511
1.8941152,8.445576,19.478040,8.917693,21.218832,-2.70620149264266,8.16643786724005
1.9428288,8.368370,19.448617,8.976807,21.218832,-3.33150399558229,8.1816936780676
1.9878752,8.416624,19.438809,8.937398,21.228552,-3.07592346513568,8.15722892051198
2.0178656,8.349069,19.458425,8.907840,21.179952,-2.98170407204893,8.39114349940045
2.06168,8.416624,19.379964,8.927545,21.228552,-3.26917183063844,8.11515260036121
2.089168,8.387672,19.546693,8.907840,21.306311,-2.94266186783303,8.53574050407899
2.1203936,8.406973,19.458425,8.937398,21.325751,-3.38493497105653,8.320802271076
2.1592416,8.378021,19.429002,8.957103,21.277151,-3.50832683852596,8.25483851546333
2.2041136,8.455227,19.262273,8.897988,21.218832,-3.43624219196408,7.93983846806587
2.2329264,8.416624,19.340734,8.937398,21.199392,-3.35258832287641,8.00735692900167
2.2641792,8.455227,19.399579,8.937398,21.218832,-3.04352786676236,7.99334499445614
2.3054096,8.493830,19.389771,8.976807,21.238272,-3.14256588099132,7.79031717556446
2.3354112,8.513131,19.330926,9.026070,21.247992,-3.50668701996758,7.54426974345127
2.3678944,8.571035,19.232850,9.026070,21.209112,-3.52383549505797,7.2230818395359
2.3965952,8.484179,19.193620,9.006365,21.131353,-3.66608520196982,7.37602155429157
2.435384,8.571035,19.203428,9.016217,21.121633,-3.28981462140058,7.11056779427716
2.4678976,8.609638,19.223043,9.055627,21.170232,-3.37865348983344,6.97859782936294
2.4985264,8.580686,19.174005,9.045775,21.179952,-3.68139914472307,7.0377189251469
2.539112,8.542083,19.203428,9.016217,21.306311,-4.06261623816731,7.40993519931511
2.5828896,8.590337,19.252465,9.095037,21.306311,-3.96490246336783,7.12095638488187
2.6103808,8.532432,19.193620,9.065479,21.238272,-4.07148828618814,7.2088759907719
2.6441216,8.513131,19.124967,9.016217,21.209112,-4.13480687249106,7.28023081001669
2.6816192,8.493830,19.095544,8.966955,21.277151,-4.39251088059804,7.51476681862943
2.7116864,8.426275,19.232850,8.996512,21.354911,-4.50237400769091,7.87422200933448
2.7428432,8.387672,19.281888,8.976807,21.384070,-4.49527309220861,8.12678191178643
2.7929152,8.339418,19.360349,9.016217,21.490989,-4.89673327691169,8.36834157109869
2.8241536,8.271863,19.399579,9.016217,21.452110,-4.86949911353814,8.5546818747803
2.8541536,8.175356,19.330926,8.907840,21.413230,-4.99279634480158,8.99621581230865
2.894104,8.204308,19.438809,8.858578,21.422950,-4.31586353431978,9.1892924196591
2.9253376,8.088500,19.409387,8.878283,21.442390,-5.02434790130119,9.44503442469072
2.9554352,8.136753,19.507462,8.868431,21.442390,-4.41601615221593,9.45151726414199
2.9878928,8.127103,19.605538,8.838873,21.578468,-4.44999522924963,9.82952791799438
3.0266,8.127103,19.644768,8.838873,21.578468,-4.29729531801604,9.8743759433497
3.056656,8.069198,19.605538,8.799463,21.549309,-4.43198775754169,10.0669202215999
3.0878992,8.078849,19.634961,8.760054,21.520149,-4.03521581645267,10.1502036154927
3.1278592,8.020945,19.585923,8.760054,21.510429,-4.4182035942341,10.2448694693958
3.1591008,8.040246,19.566308,8.740349,21.559029,-4.52249068750754,10.2790865816281
3.1916704,8.011294,19.625153,8.700939,21.588188,-4.36903837829309,10.570570756265
3.2478944,8.001643,19.683999,8.700939,21.607628,-4.2462256885233,10.6863615589375
3.2828944,7.982342,19.674191,8.730496,21.636788,-4.56892805500596,10.6795688979762
3.3116496,7.982342,19.733037,8.710791,21.636788,-4.2692183079375,10.8012152174346
3.3454192,8.020945,19.644768,8.710791,21.636788,-4.46296702695354,10.5933832539187
3.383048,8.040246,19.585923,8.720644,21.636788,-4.65252936040682,10.4450734042853
3.4141184,8.049897,19.546693,8.848726,21.607628,-5.11957631769012,9.98285909593425
3.4441328,8.049897,19.517270,8.848726,21.646508,-5.37252142402613,9.99366883466345
3.4853616,8.069198,19.556500,8.848726,21.578468,-4.90228078714358,9.90699570638663
3.5166624,8.069198,19.546693,8.868431,21.617348,-5.14835418354718,9.88545135348544
3.5466208,8.069198,19.458425,8.848726,21.539589,-5.14827258443826,9.74987295425579
3.5804912,8.165706,19.458425,8.799463,21.520149,-4.52585657657463,9.59593102187766
3.617912,8.069198,19.419194,8.799463,21.481269,-4.91929055768446,9.77504026140179
3.6491744,8.117452,19.468232,8.819168,21.578468,-4.95386255321383,9.75375506934174
3.6803824,8.185007,19.468232,8.858578,21.471549,-4.44954782159622,9.3332049825765
3.7241392,8.223610,19.527078,8.848726,21.520149,-4.20745908128823,9.37746670220138
3.761648,8.339418,19.360349,8.937398,21.413230,-4.34093559274696,8.49454503058251
3.791656,8.349069,19.291696,8.907840,21.364631,-4.29274385291733,8.41220679883207
3.8253584,8.397323,19.262273,8.937398,21.335471,-4.22059155067291,8.12852275119286
3.8728384,8.455227,19.242658,8.897988,21.422950,-4.24255070860075,8.15739058372593
3.9041568,8.503480,19.223043,9.016217,21.413230,-4.51680747252343,7.66551603988646
3.934144,8.551734,19.115159,8.996512,21.354911,-4.47204067393224,7.39036189134021
3.9753232,8.571035,19.046506,9.065479,21.384070,-5.01349149612249,7.10170205647162
4.0054176,8.667542,19.026891,9.045775,21.335471,-4.47065353773178,6.81042318840247
4.0366608,8.609638,18.938623,9.016217,21.345191,-4.97168058410347,6.9554207547704
4.076664,8.677193,18.977853,9.164004,21.345191,-5.07826534865803,6.41502629938155
4.1079008,8.715796,18.948431,9.075332,21.345191,-4.72807918826943,6.51585135190952
4.1379152,8.725447,18.899393,9.134447,21.277151,-4.85026910286693,6.18756817929089
4.169176,8.725447,18.958238,9.085184,21.277151,-4.44533286406891,6.39264997272588
4.21036,8.725447,18.869970,9.124594,21.218832,-4.72298629802606,6.10815256533116
4.2390912,8.744748,18.811124,9.124594,21.199392,-4.8086506646132,5.96053753505179
4.2703952,8.735097,18.820932,9.065479,21.150793,-4.42368385855011,6.10087222013661
4.3141648,8.764049,18.840547,9.104889,21.189672,-4.51298015750448,5.98558951254099
4.3416576,8.764049,18.860162,9.183709,21.277151,-5.02751813105987,5.90142178171785
4.3728896,8.812303,18.850355,9.173856,21.218832,-4.63533256074304,5.71453738753002
4.4041568,8.793002,18.762087,9.262528,21.199392,-5.3018249348841,5.39524267337563
4.4528832,8.879858,18.703241,9.232971,21.150793,-4.91468353215264,5.1084867285217
4.4879152,8.870207,18.693434,9.301938,21.141073,-5.2012633907389,4.92420679050382
4.5266336,8.908810,18.683626,9.272381,21.179952,-5.12157425175476,4.93558167396408
4.5754432,9.005317,18.634588,9.321643,21.131353,-4.93829824671,4.42264422616336
4.6066288,9.024619,18.565935,9.292086,21.179952,-5.19879330923724,4.42536939874168
4.6379104,8.976365,18.526705,9.321643,21.199392,-5.71515881295894,4.45112666090864
4.6878752,9.034269,18.477667,9.370905,21.209112,-5.88878083699693,4.11449426859843
4.7229072,9.005317,18.458052,9.420167,21.179952,-6.15043376395556,3.99932883719082
4.7503936,9.072872,18.369784,9.410315,21.170232,-6.16281120559247,3.72235487821293
4.8029776,9.024619,18.350168,9.420167,21.131353,-6.32756667099475,3.75201327030094
4.832984,9.121126,18.389399,9.400463,21.179952,-5.89572406507461,3.65632320843978
4.862888,9.188681,18.301130,9.351200,21.150793,-5.69983938671565,3.46013379869031
4.9028592,9.188681,18.261900,9.469430,21.034154,-5.85963756182643,2.9476615862426
4.9366112,9.236934,18.154017,9.489135,21.004994,-6.06091225425728,2.59237853189572
4.9642336,9.236934,18.134402,9.479282,21.111913,-6.48122943350398,2.72969291131215
4.9979008,9.227283,18.124594,9.459577,21.209112,-6.83097132323915,2.91869093849539
5.0341616,9.227283,18.144209,9.508839,21.306311,-7.26761351195628,2.9352522419319
5.0658976,9.150078,18.114787,9.548249,21.335471,-7.92830018671975,3.03539788103932
5.0966224,9.130776,17.948058,9.508839,21.354911,-8.59667994162285,3.00576600734617
5.1455264,9.063221,17.967673,9.508839,21.432670,-9.05883312456714,3.30918026782049
5.1978752,8.947413,18.134402,9.400463,21.529869,-8.81707929577086,4.2403153110567
5.2291232,8.879858,18.242285,9.370905,21.481269,-8.38397820847662,4.57518345085305
5.279112,8.686844,18.340361,9.282233,21.685387,-9.16443687023264,5.70798108804634
5.3103728,8.599987,18.359976,9.272381,21.840906,-9.93830084885665,6.18306734319537
5.3404176,8.464877,18.075556,9.292086,22.249142,-13.0950137605682,6.64625225326392
5.391608,8.310466,17.389026,9.479282,23.153093,-20.1860495809075,6.81709577529926
5.422928,7.837581,16.704572,9.765003,24.824917,-31.2423440890969,8.47973121461665
5.454176,7.625266,15.811777,9.962052,25.466430,-38.5575093330506,8.2315341048794
5.4966048,7.519108,15.157060,10.090134,25.903826,-43.5987930172428,7.91946619996652
5.5341472,7.538409,14.938821,9.893085,26.127384,-44.5780283858292,8.41054214219626
5.5641328,7.586663,15.345539,9.735446,25.816347,-41.1705534422976,8.82106132341129
5.6042,7.895486,16.049856,9.459577,25.135954,-33.8417878148744,8.75832508155063
5.635408,8.049897,16.972411,9.134447,24.377801,-25.8559877394866,9.41600555899136
5.6659568,8.310466,17.055568,9.035922,23.240572,-20.4095498464899,7.73921770125343
5.695352,8.696494,18.369784,8.819168,21.889505,-8.10364728583416,7.22846396420909
5.7466064,9.101824,19.674191,8.691087,20.441240,4.21337027111256,6.29608971077866
5.7978912,9.854579,21.920126,8.602415,17.428069,27.0595530544904,3.55174561163128
5.8328864,10.954760,23.989525,8.651677,13.549351,53.8244397588841,-1.87497689997748
5.8691536,11.746118,25.225280,9.420167,11.546563,65.3508576056409,-6.94290877054978
5.8997248,12.354113,26.490457,9.952199,10.296041,73.6773952216762,-9.71393345470975
5.9291104,12.884902,28.020439,9.912790,10.090877,79.8401301995816,-8.98699519480807
5.9803616,13.164772,28.501010,9.104889,9.543774,88.1659406083134,-7.8321824547189
6.0116672,13.377088,29.383692,7.094991,8.615653,105.70304675715,-3.47626370538304
6.0428704,13.579753,30.884251,5.331403,8.039241,121.941336869754,1.79839555500204
6.0841312,13.849973,32.659423,3.666340,7.707071,136.965187067338,7.35470153876901
6.1128816,14.448317,33.669603,3.301800,7.746150,141.192087666527,7.94997412398401
6.1478864,15.104565,33.679411,3.488997,7.560526,142.082880490747,5.49919473354273
6.1891488,15.702909,32.522117,3.557964,7.120889,143.545687681311,1.79803858939019
6.2241168,16.117889,31.482514,3.587521,6.866877,144.071682435234,-1.03818079626194
6.2553888,16.407410,30.697907,3.705750,6.622634,144.178489217144,-3.49377055693617
6.2866592,16.484616,30.462526,3.745160,6.583556,143.961395181864,-4.17802898504757
6.3366336,16.571472,30.197721,3.774717,6.524937,143.898650559978,-4.93523078228337
6.3691552,16.639027,29.736765,3.804275,6.534707,143.110524715944,-5.83311100919631
6.4028912,16.329605,29.315039,4.030881,6.554247,140.534226269585,-6.2061811052474
6.4541696,16.483292,29.570036,4.237782,6.778950,138.459727873457,-6.43120207673253
6.4904064,16.838693,29.550421,4.326454,6.788719,138.349648206198,-7.56680616573108
6.520416,16.953958,29.668112,4.395421,6.769180,138.388275488804,-7.88362334931658
6.571664,17.001985,29.236578,4.424979,6.593325,138.720546826566,-8.9720033910457
6.6016656,17.194093,28.736392,4.484093,6.495628,138.506537565583,-10.4982159642821
6.6341568,17.338174,28.579471,4.513651,6.397931,138.906675308013,-11.3186150315188
6.6728512,17.568704,28.422550,4.582618,6.427240,138.410838013583,-12.2522142862886
6.7041376,17.683969,28.010631,4.661437,6.378392,137.788969829852,-13.4486706236807
6.7354032,17.780024,27.696789,4.868339,6.388162,136.133634029588,-14.667957476995
6.7691648,17.712786,27.667366,4.927453,6.437010,135.326913838615,-14.6171887802507
6.8066384,17.655153,27.941978,4.878191,6.534707,135.362769043587,-13.7661743662999
6.8366592,17.472650,28.442165,4.681142,6.622634,136.504502097612,-11.925288561665
6.8679104,17.491861,28.756007,4.789519,6.632404,136.286686472264,-11.7390488271031
6.9103536,17.357385,28.863891,4.631880,6.632404,137.199232935393,-10.8627735741869
6.939168,17.299753,28.785430,4.543208,6.612865,137.655673060855,-10.6522501815468
6.9704048,17.194093,28.844275,4.385569,6.495628,139.269770960304,-10.0892812194331
7.0016768,17.155671,29.177733,4.227930,6.544477,140.36463191678,-9.02457314602946
7.045368,16.992379,29.373885,4.168815,6.583556,140.534856036037,-8.11762628415826
7.0842016,16.982774,29.805418,4.080143,6.632404,141.376395719298,-7.16662599060967
7.1128816,17.021196,29.756380,4.030881,6.524937,142.32460462184,-7.36728880518916
7.1628704,16.944352,29.668112,4.011176,6.476089,142.51822441708,-7.32436584562259
7.1941104,17.040406,29.520998,3.952061,6.427240,143.117117758498,-7.70596528797755
7.224176,17.184488,29.354269,4.030881,6.358853,143.020837558028,-8.6167257849125
7.2653568,17.328569,29.403307,4.109700,6.329543,142.981231841505,-9.14506276763298
7.2966464,17.472650,29.167925,4.040733,6.231847,143.890859224639,-9.83349906567998
7.3266016,17.386201,28.981581,4.021028,6.212307,143.760219329493,-9.88102159654389
7.3591856,17.338174,28.912928,4.021028,6.182998,143.782573924933,-9.91005030647712
7.3966176,17.539888,29.364077,4.011176,6.241616,144.373858235238,-9.61648868602739
7.4278752,17.501466,29.471960,4.001324,6.310004,144.104954182782,-9.23226545558276
7.4579472,17.395807,29.570036,3.971766,6.270925,144.520605750978,-8.80739386907824
7.5091456,17.395807,29.648497,3.922504,6.310004,144.690004211238,-8.50978329262167
7.5404128,17.232515,29.442538,3.912652,6.310004,144.24957095582,-8.38138105121347
7.5716848,17.088433,29.364077,3.912652,6.388162,143.455348816671,-8.01811677643199
7.605416,17.011590,29.491575,3.961914,6.388162,143.218281961691,-7.75923141480239
7.6429232,16.685006,29.864263,3.932356,6.710562,141.468345448249,-5.84097550502227
7.6741696,16.665795,30.403680,4.050586,6.935265,140.108599381513,-5.0078542975442
7.7329216,16.454476,30.442910,3.991471,6.935265,140.223647318181,-4.26684202920473
7.7654288,16.494267,30.384065,3.902799,6.974344,140.49820080105,-4.1696974326939
7.795352,16.417061,30.207529,3.961914,6.993883,139.658762895229,-4.34290776840692
7.8266768,16.571472,29.874071,4.001324,6.905956,139.698165422855,-5.43360041649844
7.87788,16.329605,30.080030,4.021028,6.935265,139.347019672013,-4.53193556062512
7.9066672,16.677630,29.854456,4.001324,6.827798,140.300187656875,-5.84360234140544
7.9379248,16.396843,30.040800,3.991471,6.827798,140.225794068341,-4.8359823391452
7.9891952,16.473687,30.040800,4.050586,6.837568,139.913900227904,-5.16989001929461
8.0179072,16.617768,29.883879,4.070291,6.818028,139.894513023237,-5.83858674825705
8.0496,16.694611,29.893686,4.050586,6.798489,140.258166096347,-5.99756373176112
8.090352,16.771455,29.844648,4.139258,6.710562,140.293188339538,-6.6133447042578
8.1216704,16.896325,29.638689,4.158963,6.730101,139.937698949101,-7.24783082351245
8.1516528,17.069223,29.697535,4.158963,6.710562,140.386793301343,-7.62399302951835
8.1835552,17.117250,29.471960,4.198372,6.612865,140.490981214985,-8.31631999299617
8.2341456,17.184488,29.315039,4.168815,6.485859,141.325730465512,-8.83142317002488
8.26412,17.511072,29.069850,4.277192,6.407701,141.254562552129,-10.3971658913943
8.2954224,17.664759,29.128695,4.306749,6.407701,141.372117027734,-10.7584855221291
8.3378896,17.683969,29.118888,4.346159,6.368622,141.383278474237,-10.9761153051686
8.3754016,17.780024,28.608894,4.454536,6.427240,139.772891565487,-12.1665206209122
8.4079248,17.885683,28.177360,4.602323,6.368622,138.754475924306,-13.5470727573962
8.44664,17.895289,27.883133,4.809224,6.397931,136.888892503611,-14.4896910873651
8.4779488,18.010554,27.912556,4.927453,6.534707,135.557876316565,-14.7846831053075
8.5079376,18.145029,27.892940,5.065387,6.573786,134.66665382257,-15.4003391846509
8.5404112,18.202662,27.941978,5.094945,6.534707,134.88494390559,-15.5901416917235
8.579168,18.097002,28.079284,5.045683,6.622634,134.701459504061,-14.8677454897404
8.609168,17.914499,28.030247,4.957011,6.476089,135.765992502419,-14.5322393809494
8.6391456,17.789629,28.236206,4.799371,6.515168,136.604905350206,-13.4683011289979
8.680392,17.607126,28.540241,4.661437,6.495628,137.741208257574,-12.2496972684756
8.7116304,17.472650,28.991389,4.454536,6.622634,138.689328542246,-10.5324458840706
8.7416768,17.376596,29.128695,4.395421,6.573786,139.405946370492,-10.0177416340531
8.7754064,17.165277,29.109080,4.287044,6.603095,139.556702742989,-9.21101530613615
8.8128784,17.126855,29.197348,4.306749,6.612865,139.448055319016,-9.01790575339987
8.8440976,17.174882,29.158118,4.375716,6.642174,138.860276479008,-9.32363659364184
8.885456,17.194093,28.903121,4.474241,6.681253,137.676933900449,-9.93942340600841
8.9366784,17.136461,28.903121,4.572765,6.915725,135.574383615739,-9.68844902908602
8.9854256,16.627373,29.079657,4.690995,7.169738,132.834161383391,-8.08111598029359
9.0216608,16.281951,29.393500,4.750109,7.531216,130.290670142129,-6.38806959666461
9.0579264,16.185444,29.069850,4.888043,7.540986,128.748575462844,-6.94260506563498
9.0879104,16.088937,29.060042,4.917601,7.560526,128.287036753404,-6.76042281106117
9.1179072,16.137191,28.952159,5.006273,7.599604,127.438974021264,-7.20339474269312
9.1591104,16.108238,28.844275,4.937306,7.521447,128.080668773947,-7.22779123175642
9.1879616,15.818717,29.501383,4.730404,7.619144,129.321604014704,-4.89069195831615
9.2191552,15.673957,29.893686,4.543208,7.628913,130.764754602355,-3.48122047866205
9.2541872,15.461641,30.354642,4.227930,7.609374,133.142919000491,-1.5140984081618
9.2904112,15.606402,30.688100,4.099848,7.492138,135.335627215429,-1.26650887663828
9.3204208,15.818717,30.678292,4.109700,7.453059,135.812381435633,-1.90730646181973
9.3516656,16.040683,30.472333,4.178668,7.394441,135.774363562827,-3.01377072925506
9.3916,16.011731,30.374257,4.247635,7.374901,135.290006255358,-3.27721757537817
9.4229072,16.243348,29.609266,4.336307,7.208816,134.950805866284,-5.39684762828791
9.4528976,16.484616,29.305232,4.474241,7.238125,133.849682459275,-6.75187895672077
9.4866608,16.590774,29.099272,4.690995,7.306513,131.992781217769,-7.76113397625851
9.5254448,16.677630,28.834468,4.838781,7.384671,130.373126062432,-8.6178252734012
9.5554112,16.348816,28.618701,4.927453,7.345592,129.205238767606,-8.39606480172886
9.585408,16.377633,28.481395,5.065387,7.394441,127.921050920919,-8.94359817351522
9.6453616,16.444870,28.334281,5.203322,7.374901,127.090480046034,-9.70189234967653
9.6778896,16.454476,28.196975,5.163912,7.365132,127.169161699265,-9.84924530035051
9.7091264,16.329605,28.383319,5.124502,7.257665,128.141132967592,-9.32215788907731
9.7491296,16.571472,28.952159,4.927453,7.345592,130.098538325732,-8.45898195918817
9.7804224,16.378458,29.481768,4.641732,7.365132,132.202167188195,-6.46953721182426
9.8104224,16.301253,29.717150,4.474241,7.335822,133.615736149708,-5.56008803316072
9.8555168,16.281951,30.099645,4.277192,7.286974,135.632209360176,-4.54300232696747
9.8916544,16.320554,30.119260,4.208225,7.208816,136.600500333782,-4.54765166898235
9.9216608,16.378458,30.119260,4.178668,7.228356,136.74607409557,-4.59236549659146
9.9553744,16.426712,30.109453,4.158963,7.208816,137.038362974737,-4.70589338017206
9.99288,16.532870,29.815225,4.296897,7.140428,136.342878338573,-5.83524638547661
10.0228592,16.639027,29.579844,4.346159,7.101350,136.089498198897,-6.61940008627529
10.0528976,16.444870,29.344462,4.474241,7.032962,135.083541465645,-6.89203731283772
10.0866624,16.483292,29.285616,4.543208,7.032962,134.636400491779,-7.24854098775253
10.1241936,16.627373,29.148310,4.612175,7.081810,133.93822726165,-7.91253042756092
10.155408,16.733033,29.001197,4.750109,7.072041,133.106774504158,-8.75054055105138
10.1853728,16.713822,28.912928,4.720552,7.091580,133.000361142617,-8.73104279817352
10.2479424,16.713822,28.952159,4.661437,7.003653,133.943463378532,-8.65594790505752
10.287904,16.627373,29.187541,4.385569,6.935265,136.25120610802,-7.5007268690349
10.3204416,16.512108,29.324847,4.375716,6.974344,136.10682789211,-6.92672139969012
10.3679472,16.550530,29.530806,4.316602,6.954804,136.948976665457,-6.60381787553583
10.4007808,16.569741,29.246386,4.365864,6.905956,136.551129294416,-7.26206509423104
10.4354336,16.560135,28.971774,4.336307,6.808259,136.902643579469,-7.71155424757724
10.4716672,16.560135,28.854083,4.296897,6.739871,137.389395871651,-7.8881640198614
10.502904,16.425660,28.873698,4.178668,6.818028,137.46462466139,-7.09653930067647
10.532888,16.561822,28.746200,4.149110,6.710562,138.327657487967,-7.71998118997228
10.5729328,16.667979,28.961966,4.198372,6.818028,137.837038249821,-7.6351520170007
10.6041472,16.473687,28.706969,4.385569,6.827798,135.947935235144,-7.98224211620514
10.6341808,16.473687,28.628509,4.484093,6.788719,135.462310387805,-8.40915419474239
10.6753952,16.598557,28.608894,4.513651,6.866877,134.963955047104,-8.71236470905713
10.7154224,16.464081,28.706969,4.346159,6.837568,136.115715351523,-7.84266654122538
10.7454672,16.358422,29.158118,4.306749,6.925495,136.342130846418,-6.67526179018514
10.776648,16.639027,29.030619,4.149110,6.788719,138.380220243768,-7.37779588612071
10.8267088,16.600425,28.442165,4.129405,6.564016,138.970812408161,-8.44843024625975
10.8567248,16.656190,30.050607,4.109700,6.905956,139.412503554211,-5.67259313857204
10.905408,16.771455,30.658677,4.060438,6.964574,140.37894190376,-4.90192457104792
10.949152,17.146066,30.825406,4.188520,6.974344,140.307537585813,-5.90688190499651
10.9791184,17.395807,30.305604,4.434831,6.945035,138.64374870901,-7.89506441001946
11.0103936,17.174882,28.824660,4.484093,6.661713,137.59183120466,-10.064198662377
11.0703952,17.030801,28.854083,4.484093,6.759410,136.826270288825,-9.51482576099765
11.1016576,16.761849,29.167925,4.375716,6.866877,136.89871965733,-7.94400821029895
11.1354464,16.771455,30.129068,4.336307,7.101350,137.152460309155,-6.1429948959954
11.1741744,16.915536,30.913674,4.454536,7.384671,136.13109152162,-5.30619894336153
11.2041632,16.838693,30.697907,4.405274,7.286974,136.567838246836,-5.42678336072363
11.2354112,16.588952,30.080030,4.356012,7.052501,136.988694432681,-5.87416499979683
11.2816576,16.406449,29.913301,4.277192,7.042731,137.008116633749,-5.46504620947487
11.3175184,16.388109,29.775995,4.937306,7.443289,130.477897747979,-6.69963331667553
11.3466064,15.847669,29.403307,5.311699,7.628913,125.755206765014,-6.55300551039948
11.3804592,15.201072,28.912928,5.814173,7.824307,119.790806615929,-6.61436964654028
11.4179616,14.564125,28.589278,6.572811,8.244404,111.371254361749,-6.78079238420984
11.4479616,13.907877,27.932171,7.292040,8.635192,102.661453438631,-7.32199032467665
11.4829648,12.971758,27.422177,7.893039,9.133447,93.6509608924105,-6.49677117184375
11.5254064,12.180400,26.529687,8.740349,9.748938,82.0813580028491,-7.03996499358159
11.571744,11.591707,24.931052,10.139396,10.628211,65.0841385499254,-10.1325049260631
11.6016688,11.147774,23.901257,10.996558,11.771266,51.533494244814,-10.9745366621139
11.6541392,10.086196,22.077048,11.991655,15.483751,22.5632680347033,-8.05281460195222
11.6866736,9.343092,20.095917,12.139442,18.273701,2.02181557429649,-5.4839365161433
11.7153824,8.677193,18.154017,11.932540,20.023284,-13.3273544393661,-3.58157402631197
11.7553728,8.156055,17.065376,11.824164,21.646508,-24.8838201879297,-1.26539779507315
11.787944,7.615615,16.863291,11.952245,22.871216,-32.2202138405715,1.11873000701306
11.8166672,7.393649,16.198655,12.129589,22.939255,-36.8108349009559,0.46980421697809
11.8466256,7.287491,15.930816,12.267524,23.085054,-39.3073244013797,0.229166492947108
11.8891504,7.162032,15.593538,12.287228,23.308611,-42.0954847827258,0.356071564117514
11.9191744,7.229587,15.732417,12.326638,23.551609,-41.9792258464679,0.572958702205916
11.9507104,7.393649,15.950656,12.228114,23.551609,-39.9904391367177,0.683938079952611
11.9916624,7.577012,16.000256,12.178852,23.162813,-37.6832525008552,-0.0983928832534531
12.0216624,7.885835,16.129215,12.109884,22.851776,-34.6388584755289,-0.950762565231791
12.0516576,8.107801,16.218495,12.080327,22.482420,-32.0878463792427,-1.81078937197048
12.0854176,8.271863,16.585533,11.991655,22.103343,-28.3791791069567,-2.01836731171475
12.1241408,8.464877,16.833531,11.863573,21.704827,-24.8698284490716,-2.38380004225298
12.1554112,8.580686,17.091450,11.765049,21.316031,-21.755754526087,-2.60309979764973
12.1928752,8.870207,16.643650,11.617262,20.995274,-20.8945402727999,-4.01047928282107
12.2441328,8.831604,16.957492,11.518738,20.752277,-18.6248857913421,-3.56372781652032
12.27544,8.850906,17.428256,11.370951,20.518999,-15.3373314378608,-2.91036671627304
12.3054,8.841255,17.614600,11.252722,20.421800,-13.8908341775992,-2.46160935160434
12.347872,8.821954,17.791137,11.203460,20.363480,-12.8888086737523,-2.12565501988028
12.3778624,8.793002,17.938250,11.045821,20.120483,-11.0387722785958,-1.77374045812967
12.4079248,8.850906,17.967673,11.065525,20.101043,-10.6886558585486,-1.96088745461728
12.4404448,8.870207,18.016711,11.016263,20.169082,-10.4795289297961,-1.72577790901931
12.4791616,8.802652,18.036326,10.986706,20.276001,-10.9383155055253,-1.30515719357241
12.5091696,8.821954,17.987288,10.967001,20.295441,-11.0567053163123,-1.34369273518865
12.5404144,8.764049,17.967673,10.976853,20.431520,-11.8692469940558,-1.0638331693732
12.5816624,8.725447,17.859790,10.986706,20.480119,-12.6599545114503,-1.06831354795171
12.6116944,8.725447,17.840174,10.927591,20.587038,-12.9024313191903,-0.798677383593088
12.64168,8.638590,17.781329,10.898034,20.684237,-13.7235886929363,-0.444897903050588
12.6754608,8.571035,17.663638,10.947296,20.693957,-14.6792252137047,-0.540375202893358
12.7128816,8.590337,17.761714,10.957149,20.975834,-15.1848994953452,-0.11471103276719
12.7441696,8.513131,17.810752,10.907886,21.004994,-15.2320654969533,0.31703753278547
12.7754448,8.532432,18.134402,11.075378,21.500709,-16.0495427950904,0.889489768723294
12.8216592,8.435925,18.016711,10.976853,21.520149,-16.653202077375,1.26838156574834
12.8666608,8.194658,17.320373,10.700985,20.518999,-16.224522813699,0.415759659823742
12.896664,8.136753,17.820559,10.868477,20.975834,-16.5046640033927,1.38472368513953
12.9379872,8.156055,18.095171,10.888181,21.247992,-16.2758377988147,1.98451395634473
12.9679664,7.905136,18.163824,10.838919,21.335471,-17.1493752483426,2.97567871793719
13.0008512,7.808629,18.379591,10.582756,21.374350,-15.9345394975085,4.23487364748697
13.0347776,7.577012,18.458052,10.346297,21.316031,-15.5698879041917,5.52466839657827
13.0704224,7.634917,18.605165,10.228068,21.442390,-14.7560975280844,6.0228615434676
13.1016656,7.625266,18.536512,10.188658,21.559029,-15.3379484326824,6.21471637200114
13.1316656,7.654218,18.664011,10.267478,21.743707,-15.5849204249445,6.29841035457879
13.1741984,7.634917,18.448244,10.375854,21.646508,-16.583846805659,5.67896191144729
13.205416,7.490156,18.350168,10.356150,21.403510,-16.7033994576491,5.70969973165803
13.232888,7.548060,18.350168,10.464526,21.442390,-16.9590888272402,5.30455924919178
13.2641456,7.480505,18.399206,10.494084,21.568749,-17.5574863081314,5.62255042482785
13.3153744,7.470855,18.448244,10.523641,21.656228,-17.7846369855142,5.73485786412054
13.3441792,7.383998,18.467859,10.415264,21.792306,-18.1545617763814,6.45344994989135
13.3741216,7.258539,18.418821,10.356150,21.733987,-18.488191020299,6.8287036486402
13.427976,7.171683,18.634588,10.395559,21.860346,-18.5036500581328,7.36786148190563
13.4754864,7.190984,18.732664,10.267478,21.908945,-17.754401290152,7.83973774747961
13.5116512,7.181333,18.811124,10.326592,21.840906,-17.4410438326286,7.71637198178717
13.5566416,7.084826,18.909200,10.208363,21.811746,-16.9429334957492,8.38778634884441
13.5866976,7.123429,18.987661,10.119691,21.792306,-16.0992736408933,8.59501685360259
13.6204416,7.104128,19.007276,10.159101,21.821466,-16.3279869778406,8.59643820282961
13.6579072,7.007621,19.007276,10.149248,21.802026,-16.6265004068097,8.86774212686539
13.6891616,7.036573,19.115159,10.060576,21.850626,-15.9299114776654,9.21471125004435
13.7304512,7.084826,19.203428,10.040871,21.860346,-15.3381182986011,9.24884385432911
13.7804336,7.055874,19.360349,9.981757,21.831186,-14.5198740110062,9.63941861723164
13.8116784,6.930415,19.360349,9.952199,21.733987,-14.6023199180482,9.95882112198382
13.84168,6.920764,19.360349,9.853675,21.772867,-14.4395163875448,10.3052904769092
13.8832016,6.901463,19.438809,9.804413,21.870066,-14.360744040383,10.6966698809147
13.911616,6.679496,19.831112,9.696036,21.928385,-13.498791109066,12.1280812464483
13.9456752,6.621592,19.909573,9.577807,22.006144,-13.2779710532793,12.7970901474475
13.9741536,6.525085,20.027264,9.489135,21.986704,-12.8237742126693,13.4294756823867
14.01288,6.515434,20.095917,9.469430,22.045024,-12.7169867583826,13.6502951895129
14.0441536,6.447879,20.174378,9.439872,22.015864,-12.4724852031021,13.9799170689694
14.0754304,6.399626,20.243031,9.390610,22.093623,-12.4874885446758,14.4148850907377
14.1332432,6.303119,20.252838,9.390610,22.093623,-12.8378301581785,14.7014753686911
14.1666784,6.264516,20.262646,9.341348,22.142223,-12.9521578815496,15.0155060967478
14.1966304,6.274167,20.350914,9.351200,22.161663,-12.6561244188317,15.0732288833586
14.2366752,6.187310,20.429375,9.242823,22.317181,-12.8506800235878,15.8791780276724
14.2681552,6.042550,20.537258,9.134447,22.356061,-12.7627634980818,16.762291048031
14.29792,5.974995,20.547066,9.095037,22.394940,-12.9946893259509,17.1228240750103
14.3346352,5.946043,20.605911,9.085184,22.365781,-12.7404094583657,17.2660469917222
14.3791376,5.810933,20.694179,8.976807,22.424100,-12.7589858541213,18.1258828518956
14.4103728,5.704775,20.772640,8.927545,22.424100,-12.7026105806265,18.6611633038851
14.4416944,5.608268,20.870716,8.848726,22.511579,-12.7259257956866,19.3624952866915
14.4816496,5.675823,21.057060,8.907840,22.492139,-11.835835089978,19.1534871424019
14.511624,5.608268,21.096290,8.878283,22.511579,-11.9151890087947,19.4967695395047
14.5441312,5.588966,21.204173,8.838873,22.453260,-11.2235052186561,19.718272965514
14.5842128,5.569665,21.194366,8.878283,22.385221,-11.2419794728046,19.5829127938029
14.6144784,5.666172,21.037444,8.868431,22.297741,-11.1496260471169,19.0867603746728
14.6441776,5.724076,20.998214,8.888135,22.171383,-10.7054614015633,18.6933317527388
14.6741968,5.704775,21.037444,8.907840,22.181103,-10.7271420650507,18.7409469816767
14.7254224,5.753028,20.968791,8.927545,22.278302,-11.2131932393941,18.5694423609152
14.7644336,5.897789,20.988406,8.927545,22.171383,-10.1836496887499,18.0574928169312
14.79664,5.955693,20.998214,9.016217,22.219982,-10.387042668425,17.6885277931662
14.8366816,5.888138,20.851100,8.986660,22.200542,-11.0787602553946,17.8037467834819
14.8666784,5.946043,20.870716,9.055627,22.210262,-11.0384034676542,17.4631776264311
14.8978736,5.984645,20.772640,9.055627,22.151943,-11.0764125482542,17.1916678945365
14.9392032,5.907440,20.753025,9.045775,22.171383,-11.4995010934901,17.4454541694114
14.9691872,5.984645,20.713794,9.075332,22.161663,-11.4147121974398,17.0840786186148
14.9991408,5.965344,20.743217,9.134447,22.151943,-11.5439181909608,16.9883795140988
15.0329264,6.071502,20.733410,9.124594,22.142223,-11.0891474388731,16.6887525202986
