0.0429216,7.336654,20.713794,7.737257,22.093623,5.89604013000764,5.28259911199913
0.0701856,7.346307,20.851100,7.668312,22.171383,6.42924597173699,5.6749017307348
0.1014528,7.346307,20.919753,7.638764,22.161663,6.834727698065,5.82077291567977
0.1314912,7.249780,20.919753,7.589518,22.122783,6.78505510818998,6.20727584493421
0.1714576,7.143600,20.998214,7.559970,22.181103,6.57386784344587,6.74296819497976
0.2026656,7.220822,21.027637,7.520572,22.161663,7.19724542358698,6.64189774032124
0.2327616,7.162906,21.096290,7.481175,22.181103,7.31112223862259,7.01572296825714
0.2690048,7.133948,21.115905,7.491024,22.249142,6.99165079588041,7.15899036941434
0.3039424,7.143600,21.096290,7.471326,22.268582,6.95443602915726,7.1883581713189
0.3351936,7.114642,21.194366,7.382682,22.249142,7.61279458272395,7.61247713368889
0.365216,7.153253,21.066867,7.441778,22.307461,6.84474045773426,7.25625970082446
0.4089712,7.201517,21.135520,7.559970,22.307461,6.86306483594501,6.83609122699442
0.43768,7.211169,21.096290,7.540271,22.278302,6.92719760621003,6.7974680664279
0.4689552,7.172558,21.076675,7.520572,22.258862,6.8465400932044,6.9294853314963
0.5077408,7.240127,21.174750,7.609216,22.365781,6.77092534666281,6.67663732412717
0.540184,7.298044,20.831485,7.599367,22.025584,6.94980935483455,5.84896676568682
0.5702288,7.278738,20.635334,7.619066,21.870066,6.6151483769516,5.48751195786853
0.6127056,7.298044,20.684372,7.668312,21.811746,6.91295454198041,5.27654528025515
0.6627216,7.471792,20.802063,7.766805,21.928385,7.24725290294723,4.72471490383109
0.692936,7.471792,20.851100,7.845600,22.015864,6.83066995978296,4.63774364588198
0.7239584,7.491098,20.870716,7.914545,21.986704,6.83518940935712,4.37347641454426
0.7739488,7.481445,20.615719,7.914545,21.947825,5.96189856517919,4.09573161957825
0.8039488,7.491098,20.488220,7.894847,21.860346,5.89619504068318,3.8993508343023
0.8340192,7.510403,20.488220,7.934244,21.928385,5.58102066191911,3.80112854126634
0.8765056,7.471792,20.507835,7.944093,22.054744,5.01556760342841,4.03726882564767
0.906496,7.568319,20.390144,8.042586,22.074184,4.50958858623721,3.37264499409331
0.9364688,7.413876,20.292069,7.993340,22.103343,3.60106714313098,3.88704960635367
0.9677472,7.452487,20.331299,8.022888,22.190822,3.4848756057708,3.82329770065812
1.007944,7.471792,20.341106,8.022888,22.278302,3.28563473239222,3.86961120914889
1.0377424,7.452487,20.301876,8.042586,22.307461,2.88393505940995,3.85794340164777
1.0689392,7.500750,20.282261,8.121381,22.356061,2.54289296296914,3.52355682447345
1.1089856,7.529708,20.282261,8.091833,22.394940,2.6223545087782,3.56601734394473
1.149,7.433181,20.233223,8.032737,22.326901,2.50690970382511,3.89038282614904
1.1802512,7.404223,20.193993,7.983490,22.229702,2.7626707403066,3.97319363457925
1.2177568,7.336654,20.135147,8.003189,22.219982,2.2310932607442,4.03989430141738
1.2639776,7.288391,20.272453,7.963792,22.317181,2.37423763692993,4.53933227227522
1.2931904,7.259433,20.370529,7.934244,22.472700,2.1963787634373,4.97126852881105
1.3227328,7.201517,20.390144,7.865299,22.511579,2.1534038865992,5.39984028132963
1.3652432,7.124295,20.498028,7.786504,22.618498,2.17340903516988,6.07289163114948
1.395232,7.056726,20.566681,7.766805,22.618498,2.24764296391422,6.39709165482304
1.4252576,7.085684,20.625526,7.707709,22.569899,2.9739983465155,6.49560138360001
1.466504,7.037421,20.664756,7.589518,22.667098,3.0137086487965,7.12027573089586
1.4965136,6.882978,20.733410,7.540271,22.686538,2.78510082970159,7.80816714054097
1.5265408,6.921588,20.831485,7.491024,22.735137,3.32084274112283,7.98338641922997
1.5592752,6.950546,20.919753,7.491024,22.812896,3.49867508463897,8.05985849597607
1.5989952,6.911936,20.870716,7.353134,22.871216,3.44241812985533,8.59044285477087
1.6289776,6.863672,20.998214,7.353134,22.871216,3.75017538025899,8.85637092196553
1.6614624,6.892630,20.958984,7.284189,22.880936,3.92230499366459,8.94666976251392
1.701512,6.796103,21.017829,7.294038,22.958695,3.46258736912229,9.33491518279935
1.7327456,6.689924,21.115905,7.234942,23.017014,3.43387225045767,9.97551021648266
1.7602528,6.660965,21.135520,7.234942,22.948975,3.64087166060276,10.0164003034278
1.7940176,6.699576,21.145328,7.254641,23.055894,3.37658450618954,9.95226306227466
1.8327232,6.612702,21.135520,7.156147,23.036454,3.42199159717915,10.4790533334244
1.8640112,6.496870,21.164943,7.126599,23.017014,3.26044096543852,10.9255639711283
1.9140352,6.506522,21.272826,7.037956,23.094774,3.75765022318008,11.3355105930708
1.962696,6.381037,21.557246,6.939462,23.172533,4.44867423150528,12.3421647315965
1.9952352,6.332774,21.684744,6.900065,23.094774,5.17630091249828,12.6524896501117
2.02776,6.265205,21.723975,6.919764,23.026734,5.24128017049341,12.7720447669507
2.075224,6.332774,21.665129,6.939462,22.919815,5.59037546198612,12.3577478360012
2.1064528,6.458259,21.684744,6.949312,22.812896,6.50159430742916,11.8682560023367
2.1365296,6.487217,21.625899,6.998558,22.783737,6.31369066774894,11.5513386952228
2.1764704,6.564438,21.527823,7.067504,22.696257,6.3007586061865,10.939165728979
2.2077744,6.815409,21.478785,7.146298,22.482420,7.56750432257276,9.70316053593582
2.2377088,6.931241,21.468978,7.225093,22.219982,8.6449624883567,8.86228658825265
2.2726992,7.124295,21.331672,7.343285,22.035304,9.10181251465965,7.62490816101581
2.3102688,7.327002,21.086482,7.510723,21.938105,8.68170345166371,6.19375237791616
2.3415392,7.520056,20.968791,7.628915,21.908945,8.64167862673231,5.13643831168712
2.3714912,7.674499,20.841293,7.816052,21.763147,8.59263801058934,3.86583247267367
2.4127376,7.828942,20.625526,7.884997,21.782586,8.0368307131299,3.01783465422477
2.4431984,7.906164,20.429375,7.855449,21.704827,7.97570997966147,2.58921352611036
2.4739888,8.012343,20.262646,7.934244,21.636788,7.70489718396808,1.80670709185333
2.50536,8.041301,20.243031,7.953942,21.607628,7.77526510881383,1.61479788616344
2.5552032,8.099218,20.213608,7.953942,21.675667,7.63546734681988,1.49193547428539
2.5865264,8.128176,20.154762,7.993340,21.695107,7.30657389565114,1.25464040277556
2.620272,8.157134,20.174378,8.042586,21.627068,7.560724860577,0.979776569097517
2.6577968,8.186092,20.154762,8.081984,21.656228,7.3466934650047,0.796847849043075
2.68896,8.186092,20.027264,8.072134,21.656228,6.89474833979095,0.684220179243269
2.7190224,8.234355,20.056687,8.091833,21.627068,7.22665008244906,0.492346189968046
2.76024,8.263313,20.076302,8.111532,21.607628,7.41129563082513,0.355238772932061
2.7902192,8.234355,20.027264,8.160778,21.656228,6.75756628567352,0.297570086556597
2.8214848,8.224703,20.086109,8.062285,21.685387,7.19753916801273,0.699939491101851
2.8515152,8.147481,20.125340,8.042586,21.811746,6.66510130316572,1.1556625913782
2.9027264,8.118523,20.115532,7.973641,21.889505,6.4847582494118,1.50714072735719
2.9340496,7.964080,20.115532,7.944093,21.889505,5.9985687722197,2.03086208973512
2.9640096,7.896511,20.243031,7.934244,22.015864,5.8076118673852,2.52495364222714
3.0052624,7.809637,20.301876,7.835751,22.113063,5.70451348972442,3.22150156977084
3.0352896,7.732415,20.390144,7.806203,22.103343,5.88888964252967,3.61110628003711
3.0677744,7.713110,20.321491,7.747107,22.229702,5.30722172734294,3.89746469503685
3.0977568,7.539361,20.360722,7.806203,22.249142,4.50432928001577,4.28982061492643
3.13772,7.394571,20.488220,7.697860,22.385221,4.33760188544097,5.29635847630866
3.1889632,7.327002,20.517643,7.697860,22.443540,3.98029149090713,5.58269062869584
3.2214944,7.153253,20.635334,7.579668,22.550459,3.80291740560122,6.66325156531802
3.2602992,7.182211,20.870716,7.609216,22.618498,4.47672222269323,6.79453490347773
3.2902256,7.104990,20.949176,7.550120,22.667098,4.51904026446587,7.31871517724332
3.3202432,7.056726,20.890331,7.559970,22.540739,4.52314179969792,7.24870095244398
3.3702112,7.056726,20.958984,7.412230,22.511579,5.42568030739164,7.72281758973635
3.4015952,7.114642,20.998214,7.422079,22.482420,5.86982122770938,7.53289585880424
3.4315264,6.979505,21.106097,7.333435,22.579619,5.73399400421604,8.39419138656988
3.4739648,7.027768,21.194366,7.294038,22.628218,6.22520154670955,8.50045037350277
3.5027952,6.998810,21.292441,7.313737,22.579619,6.59429580509797,8.57555131132492
3.5327856,6.989157,21.282634,7.234942,22.472700,7.19400375164219,8.72489541076875
3.566544,6.950546,21.321864,7.205394,22.501859,7.19778818635991,8.99314692594287
3.6040016,6.911936,21.537631,7.156147,22.492139,8.08859107013239,9.45117997203288
3.6352512,6.825061,21.723975,7.077353,22.482420,8.78981872655613,10.1116189966639
3.6652528,6.670618,22.086855,6.959161,22.433820,10.1895293066497,11.2196499668933
3.7164768,6.641660,22.283007,6.860668,22.307461,11.6482542067854,11.6668241261657
3.7465136,6.419648,22.361467,6.781873,22.268582,11.5472808442113,12.6133780074862
3.7777632,6.265205,22.459543,6.752325,22.346341,11.155579487493,13.3315210089048
3.8339712,6.323121,22.547811,6.762175,22.462980,11.2355499808346,13.3064827111387
3.8702896,6.149372,22.626272,6.752325,22.676818,10.1248186085053,14.1215788434611
3.9002688,6.081804,22.449735,6.811421,22.676818,8.98567645215359,13.9937211830068
3.9328,6.110762,22.469351,6.732627,22.725417,9.28063662848595,14.2055451764464
3.9715168,6.014235,22.508581,6.752325,22.667098,9.20543317305452,14.4243386627258
4.0015296,6.023887,22.449735,6.781873,22.735137,8.66024593269436,14.3121375757308
4.0352496,5.965971,22.400698,6.821271,22.871216,7.61167427347741,14.4442829968976
4.0839856,5.937013,22.322237,6.752325,22.919815,7.27536338232444,14.7188519305402
4.1140144,6.014235,22.292814,6.791723,23.036454,6.89079316282486,14.4365907402456
4.1440048,5.946666,22.204546,6.752325,23.036454,6.43661327337314,14.6882808450142
4.186544,5.994929,22.135893,6.742476,23.046174,6.35871421518589,14.5193600683231
4.2165168,6.120414,21.969164,6.791723,23.094774,5.84536117448609,13.8811530872457
4.2465152,6.178331,21.988779,6.860668,23.046174,6.06985880098424,13.4686736894743
4.290288,6.159025,21.841666,6.909914,22.987855,5.46183484083494,13.1956045198659
4.3190512,6.265205,21.723975,7.028106,23.007294,4.92077500260059,12.4258276430193
4.34904,6.371384,21.557246,7.047805,22.987855,4.68571258267806,11.876360350735
4.3902928,6.429301,21.449363,7.156147,22.890656,4.45203314291063,11.1865730698577
4.4440064,6.506522,21.321864,7.225093,22.890656,4.00918734342401,10.6286602397227
4.4827504,6.583744,21.233596,7.254641,22.871216,3.93000592242989,10.2076588881298
4.5127728,6.718882,21.263019,7.284189,22.851776,4.53129357832343,9.72523914765073
4.553984,6.757492,21.194366,7.264490,22.851776,4.48585514206557,9.60392504946702
4.5840208,6.767145,21.106097,7.372833,22.832336,3.86282366302161,9.15045987770499
4.6140512,6.815409,21.017829,7.362983,22.735137,4.09131230126436,8.85836760370771
4.6552976,6.873325,20.978599,7.353134,22.657378,4.47894490735735,8.60249771338662
4.6852992,6.979505,21.027637,7.422079,22.560179,5.18160768470824,8.03668406426605
4.7165632,6.921588,20.988406,7.461476,22.579619,4.59399249140757,8.07211220684428
4.7477424,6.979505,20.978599,7.491024,22.560179,4.7438063554787,7.78513317660961
4.79648,7.104990,20.939369,7.530422,22.462980,5.28501452209672,7.16527957635645
4.8277648,7.008463,21.017829,7.461476,22.385221,5.74554322261189,7.65348988670017
4.857752,7.076032,21.047252,7.530422,22.501859,5.44882322525703,7.39527686341426
4.9090448,7.037421,21.027637,7.422079,22.560179,5.40497595838146,7.86569465678676
4.9402352,6.921588,21.086482,7.392531,22.628218,5.04647641783887,8.41880386197676
4.9714864,6.757492,21.282634,7.343285,22.696257,5.10248999649712,9.30554908392794
5.0102256,6.718882,21.331672,7.234942,22.647658,5.7091103399461,9.74390051373859
5.0414928,6.583744,21.478785,7.225093,22.725417,5.50979678117183,10.3893431307839
5.0752432,6.448606,21.596476,7.156147,22.696257,5.79734508810812,11.0847073291267
5.1228592,6.448606,21.773013,7.136449,22.618498,6.82973098842533,11.2352501638646
5.153976,6.458259,21.792628,7.077353,22.569899,7.33412526943521,11.3575868978928
5.1840224,6.603049,21.822051,7.067504,22.531019,8.17726786117885,10.9426188276244
5.2177808,6.545133,21.939741,7.028106,22.472700,8.7624256855232,11.2901067378572
5.2553152,6.583744,22.018202,7.126599,22.326901,9.37997676829728,10.8157964388343
5.2864592,6.641660,22.086855,7.077353,22.200542,10.5051124195281,10.7362020446668
5.3215408,6.583744,22.116278,7.047805,22.219982,10.4350809478987,11.0443088415395
5.3589984,6.564438,22.302622,7.018257,22.181103,11.3166149783376,11.3271862332146
5.4002992,6.612702,23.175496,6.909914,21.675667,17.0159202865054,11.8426651917127
5.4302416,6.718882,23.891449,6.712928,20.868915,23.8228691967713,12.0336183184372
5.4653136,6.902283,24.401443,6.427298,20.295441,29.6475103455312,12.2850123625245
5.501512,7.008463,25.058551,6.240161,19.469249,36.3788222789319,12.3778239682544
5.5315008,6.998810,25.215472,6.240161,19.342890,37.3951696903501,12.4348166796293
5.5627536,7.008463,25.313548,6.250010,19.372050,37.5890266043006,12.4903349587939
5.6039552,7.076032,25.029128,6.289407,19.517849,36.0996969994335,12.0406952310882
5.6440176,7.056726,24.421058,6.486394,20.101043,30.7895731784634,11.481483916634
5.6752416,6.882978,23.656067,6.634133,20.645358,24.7609034464938,11.3571572201465
5.7252384,6.776798,22.734155,6.929613,21.247992,17.5595257636602,10.4888981281702
5.7764912,6.660965,20.772640,7.530422,22.783737,1.7562144850667,8.62965170656192
5.807784,6.632007,19.968419,7.756956,23.250292,-4.00604143777635,7.7114288346508
5.8577488,6.757492,19.095544,8.121381,24.066764,-11.0750627698391,6.2122904129207
5.8889968,7.018115,18.320746,8.466107,24.630518,-16.1864675654915,4.24476490459413
5.9190528,7.104990,17.389026,8.781285,25.184553,-22.5223243555961,2.70189716608401
5.9690736,6.940894,15.950656,9.756368,26.953576,-37.6391653926772,0.786324258974311
6.0002752,6.352079,13.282190,10.632958,28.907277,-60.2737750386804,-0.783375247961104
6.0315056,5.213061,10.703004,11.332260,31.172014,-85.977688293165,0.0878993468311791
6.0715856,4.074042,9.760609,12.110356,34.340703,-104.577516349806,3.4509102238403
6.101536,3.108772,9.492770,12.592973,36.799839,-115.928850496902,6.91299538007475
6.1340112,2.693706,9.423330,13.046042,37.771830,-120.577690376632,7.63834282282353
6.1665072,2.732317,9.373731,13.193781,37.538552,-120.525351135825,6.87460457293275
6.2039792,2.684054,8.679334,13.351371,35.468212,-122.187945576563,3.91079941288943
6.2365248,2.606832,8.431336,13.302124,34.739219,-123.044510139998,3.26421789949497
6.265312,2.548916,8.302376,13.272576,34.661460,-124.016142806796,3.2962021412571
6.305264,2.375167,8.203177,13.292275,35.575131,-126.892258689205,4.56878205038208
6.3389952,2.259335,7.766699,14.109768,36.673480,-132.552799169535,3.28538896046028
6.3789952,2.259335,7.469101,14.651481,36.070846,-134.261045799882,0.878230570925766
6.4127664,2.162808,6.655665,15.075002,34.603141,-138.66886115523,-2.52699005261768
6.4490304,2.201419,6.119988,15.222742,32.163445,-139.264377090816,-6.65343670304431
6.4802624,2.249682,6.149748,15.212892,31.949607,-138.486764592419,-6.99802960617781
6.510808,2.278640,6.318387,15.212892,32.289803,-137.589133229968,-6.42877747417138
6.5702608,2.355862,6.705265,15.350783,33.942187,-136.708895033901,-4.52290485945834
6.6015248,2.220724,6.953263,15.124248,35.487652,-137.501698452184,-1.48678764619043
6.6315264,2.153155,6.983023,15.094700,35.779249,-138.022784496869,-0.870634286756392
6.68524,2.085586,6.893744,14.769673,35.526532,-138.351583985448,-0.172648078945663
6.7140096,2.066281,6.893744,13.824138,33.358993,-134.840873661959,0.128415588050729
6.7477664,2.375167,7.707179,13.479412,33.942187,-128.025166546341,1.7976166449799
6.7953056,3.012245,7.865899,14.690878,33.835268,-124.653230307271,-3.28632044793484
6.82652,2.935024,7.806379,14.681029,33.582551,-125.120095302437,-3.40968988707243
6.856488,2.722664,8.163497,13.814289,34.593421,-124.447022454378,1.07136885762706
6.8989568,2.693706,8.292456,13.607453,34.807259,-123.861272807286,2.09097020322236
6.92804,2.732317,8.272616,13.469562,34.194905,-122.724283174734,1.69669424203821
6.9578048,2.954329,8.044458,13.794590,33.009076,-121.552152066958,-1.40544157710763
6.9914848,3.128078,7.915498,14.237809,31.823248,-120.205699401174,-4.67611459429033
7.0452768,3.359742,7.955178,14.484042,30.880417,-117.50449931258,-7.11873421872242
7.0902992,3.697587,8.054378,14.759823,30.005626,-113.908432551724,-9.79989684917174
7.1314672,4.016126,8.322216,15.281837,30.170864,-111.499253113918,-11.4750966197217
7.1627696,4.199527,8.401576,15.587166,30.316663,-110.682571074056,-12.4507138774757
7.1928016,4.112653,8.490855,15.715208,30.997056,-111.939891588641,-11.5548559085782
7.22524,3.948557,8.351976,15.606865,31.385852,-114.11747772072,-10.5361989515273
7.2765056,3.678282,8.193257,15.390180,31.706609,-116.77259604262,-9.06771566165708
7.3052144,3.446617,8.133737,15.271988,32.532801,-119.507580461118,-7.20701060377927
7.3365232,3.321132,8.133737,15.291687,32.970197,-120.886340587104,-6.40403447021055
7.3877184,3.253563,8.074218,15.340933,32.853558,-121.539476818339,-6.56604343155302
7.4177456,3.292174,8.034538,15.183344,32.532801,-120.878206553829,-6.68493748696392
7.4489968,3.224605,7.955178,15.015906,32.503641,-121.475906296042,-6.18965524371453
7.4889824,3.195647,7.965098,15.035604,32.416162,-121.494395765619,-6.25858130022175
7.520232,3.272868,8.054378,15.006056,32.464762,-120.528442805839,-6.21964167183105
7.5515136,3.214952,8.084137,14.937111,32.503641,-120.65331642183,-5.79748107784894
7.5852688,3.224605,8.163497,14.848467,32.843838,-120.481071810793,-5.08649409241865
7.6339904,3.243910,8.193257,14.799221,33.106275,-120.491915900935,-4.66322227195019
7.6727696,2.838497,8.242857,14.346152,34.748939,-124.208460493466,-0.450037592372446
7.7077456,2.655095,8.074218,14.060522,35.059976,-126.320230504618,0.981412485164739
7.7442976,2.423431,7.727019,14.030974,34.826698,-129.460684031128,1.08239571013531
7.7752464,2.442736,7.508780,14.464344,34.457342,-130.753103342126,-0.816395396707158
7.80524,2.471694,7.250862,14.710577,33.922747,-131.803150447572,-2.47203069056361
7.8465104,2.452389,7.191342,14.976509,33.903308,-132.593036856775,-3.24052398580891
7.8765344,2.365514,7.032623,15.291687,33.942187,-134.538749615021,-4.00271002240451
7.9077712,2.500652,6.933424,15.577317,33.475632,-134.100632081682,-5.81320280225442
7.9377392,2.616485,6.744945,15.646262,32.561961,-133.534070239293,-7.66799279635882
7.9790304,2.809539,6.913584,16.079632,32.328683,-131.520399108422,-9.42593644150066
8.008968,2.973635,6.873904,16.444057,32.260644,-131.12082390315,-10.9515345477124
8.0390064,2.906066,6.933424,16.316016,32.620280,-131.457097314518,-9.90515477386365
8.081496,2.828844,6.784624,16.404660,32.814678,-133.190829348152,-9.87715139918097
8.110344,2.857802,6.665585,16.522852,32.163445,-133.103507220398,-11.2514262024812
8.140224,3.021898,6.744945,16.505452,31.638570,-130.917650359238,-12.2206829101243
8.1740128,3.494880,6.913584,17.110610,30.384702,-126.110716172792,-16.4753453402163
8.211496,4.035431,7.161582,17.637684,29.354392,-120.62454911714,-20.2607522657442
8.2428752,4.691815,7.707179,18.701592,29.714029,-115.663583011222,-23.0440382898323
8.2780272,4.904174,7.578220,19.140820,28.975316,-114.75286194169,-25.8083537976479
8.3239936,4.884869,7.111983,19.043214,27.527050,-115.248960265075,-28.4911431489189
8.3540304,4.720773,6.933424,18.672310,26.982735,-115.891124647179,-28.4072584866247
8.3865392,4.460150,6.923504,18.291646,27.838087,-118.240501778913,-25.5346634129685
8.4215328,4.257443,6.873904,18.125715,28.149124,-119.983540645735,-24.2389771780744
8.456472,4.160916,6.893744,18.262364,28.401841,-121.013677383524,-23.9158739633635
8.4878048,4.228485,7.062383,18.447816,28.955876,-120.649708152747,-23.4263156174572
8.5190304,4.305707,7.012783,18.574704,28.868397,-120.541185716367,-24.1177962288659
8.5690064,4.334665,7.022703,18.467337,28.421281,-119.513865755245,-24.5967495537432
8.6002736,4.460150,7.062383,18.340449,27.983886,-117.695025353946,-25.2070545864223
8.6302656,4.498761,7.082223,18.096433,27.390971,-116.074995564702,-25.6123131660212
8.671536,4.653204,7.280622,18.037870,27.478451,-113.999529418392,-25.3929632953617
8.702776,4.807647,7.320301,18.281885,27.575650,-113.380333551471,-26.1283158680285
8.73276,4.894522,7.379821,18.438055,27.575650,-112.762931363653,-26.6077412846197
8.7640048,4.788342,7.290542,18.330688,27.342372,-113.381977290367,-26.6119048553375
8.8039744,4.913827,7.419501,18.555183,27.653409,-112.722068819796,-26.74330806821
8.83528,4.875216,7.429421,18.555183,27.750608,-113.040657441033,-26.4862693704945
8.865272,4.933132,7.449261,18.408773,27.702008,-112.282840765412,-26.3240407712161
8.907832,4.923480,7.607980,18.496619,27.876967,-111.827988441174,-25.9905258592228
8.955208,4.913827,7.578220,18.203800,27.770048,-111.427972133585,-25.4918725680406
8.985256,4.788342,7.469101,17.637684,27.352092,-111.232960774191,-24.6565671579296
9.0289936,4.730426,7.677420,17.579120,28.003325,-111.297919292811,-23.0541225103897
9.0564864,4.691815,7.607980,17.305823,27.964446,-111.434331071793,-22.4591062281844
9.0877312,4.585635,7.816299,17.178935,28.848957,-112.038652774057,-20.267736995852
9.1190384,4.604941,8.103977,16.993483,29.752908,-111.388143812047,-18.16576303991
9.1589776,4.392581,8.064298,16.554255,29.947306,-112.459145875592,-16.3440003718368
9.1889824,4.421539,8.371816,16.591797,30.559660,-111.534032572081,-15.264036898737
9.2202352,4.305707,8.421416,16.335715,30.666579,-111.680926784447,-14.1325809299987
9.26024,4.228485,8.371816,16.059934,30.345822,-111.480506641598,-13.734500774196
9.291472,4.103000,8.808294,15.439427,31.512211,-110.554559771577,-9.7711033753219
9.321512,4.160916,8.917413,15.321235,31.998206,-110.184051252429,-8.88445490950272
9.35528,3.967862,8.937253,14.966659,32.202324,-110.927368712721,-7.20227853068761
9.4040752,3.842377,8.967013,14.641632,32.114845,-110.829574338885,-6.09100275434044
9.4340784,4.855911,9.472930,14.612084,31.424732,-101.16431229996,-8.87011009419241
9.4652384,6.187983,9.631649,14.405248,28.751758,-87.7984070599567,-14.9519898077639
9.515232,9.054835,10.613724,13.715795,23.998725,-55.5298233906193,-25.8143151481841
9.5477984,11.245997,11.883477,13.026343,21.277151,-29.5661269489818,-31.6972797785419
9.5890144,14.788538,14.889222,12.287644,17.603027,11.7817664023974,-38.9747625670333
9.6377376,15.956514,16.545853,11.598191,15.116548,33.7153786461576,-41.4320416374649
9.6678192,16.516371,18.909200,10.475369,13.035802,56.3223078335102,-39.7588623656803
9.6989984,16.168874,21.341479,9.667724,12.293376,69.1611213899538,-34.391474987432
9.7490096,15.358047,22.891076,8.702491,11.746325,78.2097944407674,-28.7980260344316
9.780272,14.344514,24.038563,7.756956,11.316500,85.31551333045,-23.0432775860889
9.8102688,14.054933,24.381828,7.500874,11.169968,87.4899454172519,-21.4006080967071
9.8514992,13.601256,24.940860,7.136449,11.072281,90.1258552611013,-18.6548450430962
9.8815552,13.099316,25.872580,6.900065,11.775631,88.7795371150841,-14.4387049531325
9.9117488,12.983483,26.755262,6.801572,12.400832,87.9887605050615,-11.873686686404
9.9452704,12.954525,26.784684,6.919764,12.615745,86.3492969527971,-11.7862288517486
9.9952672,12.713208,26.206037,6.890216,12.420370,85.4610871672713,-12.0974192905269
10.0252576,12.394669,25.745081,6.900065,12.332451,83.9039329020977,-12.0179963419409
10.0590032,12.056824,25.588160,6.949312,12.518057,81.4628125604882,-11.2148304918911
10.1052496,12.008561,25.342971,7.106901,13.270252,76.2146348918943,-10.8365463138201
10.1352832,11.825159,25.195857,7.274339,13.748921,72.2257979805762,-10.3633602865512
10.1665184,11.361830,24.783939,7.353134,14.393659,66.4032341743709,-9.04554357175631
10.2177504,10.937111,24.646633,7.284189,15.018860,62.2261670050877,-7.108484128984
10.2565312,9.856009,24.764324,7.215243,16.524118,52.921294264708,-2.03391473593034
10.2877456,9.392679,24.656440,7.156147,17.048993,49.1404066263216,-0.109914885354115
10.3314688,9.276847,24.519134,7.215243,17.165632,47.5930686693371,0.0262641980996392
10.3589856,9.054835,24.224907,7.225093,17.447509,44.7103852265226,0.610571379364252
10.388984,8.910044,24.117023,7.264490,17.622467,42.9857641504978,0.983112927141995
10.4239888,8.813517,23.940487,7.225093,17.982104,40.7448586846569,1.56962166704413
10.4602832,8.572200,23.891449,7.244791,18.293141,38.4069141579454,2.48471229801181
10.4902992,8.494978,23.950295,7.215243,18.575018,37.2966690288545,3.15251073105448
10.5215168,8.408104,23.656067,7.205394,18.565298,36.1147050023052,3.10770497323343
10.5615008,8.427409,23.518761,7.274339,18.662497,35.0323215769718,2.81128309553151
10.5927392,8.466020,23.391263,7.422079,18.672217,34.0854018651623,2.15130387831368
10.6227536,8.514284,23.214726,7.422079,18.720816,33.4533590171473,1.87510134381911
10.6540336,8.601158,23.057805,7.530422,18.575018,33.3701008592744,0.987720652212879
10.7052352,8.832823,22.724348,7.697860,18.526418,32.5372801813153,-0.568318042203103
10.7352832,8.977613,22.547811,7.894847,18.487539,31.7838754951042,-1.77165842089243
10.765304,9.103098,22.449735,7.993340,18.506979,31.3981416402916,-2.48499947159182
10.8164736,9.209278,22.371275,7.993340,18.536138,31.3743309446523,-2.83588267222637
10.8678384,9.286500,21.900511,8.141080,18.409779,29.9397913696933,-4.15928785909516
10.9015584,9.325110,21.831858,8.210025,18.390340,29.6357533507081,-4.5606798620299
10.9389872,9.440943,21.822051,8.318367,18.477819,29.212106143509,-5.08114563762698
10.9702848,9.469901,21.831858,8.278970,18.390340,29.856033084172,-5.14608878373716
11.0002768,9.624344,21.822051,8.278970,18.380620,30.3909842843973,-5.59002045843199
11.0515104,9.662955,21.841666,8.278970,18.166782,31.4552953809179,-5.93057095971724
11.0815184,9.759482,21.773013,8.278970,18.079303,31.9061525121899,-6.3834191110915
11.1127824,9.904272,21.969164,8.219874,17.865465,34.1765269771137,-6.63716522132756
11.1527264,9.971841,22.047625,8.170628,17.748826,35.3494672974032,-6.73370063549934
11.1827888,10.000799,22.116278,8.278970,17.709946,35.3888061598307,-7.06716852699824
11.2140288,10.020105,22.116278,8.170628,17.622467,36.2623760286923,-6.93529392390378
11.2454032,10.039410,22.194738,8.150929,17.554428,36.9514374949755,-6.92135487542117
11.2952416,10.058715,22.312429,8.091833,17.564148,37.6099577971381,-6.65692278999472
11.326464,10.020105,22.361467,8.042586,17.554428,37.8900584321508,-6.3711311068945
11.3618896,10.039410,22.341852,8.052436,17.525268,37.969609608956,-6.50986581574996
11.398992,10.000799,22.361467,8.042586,17.515548,37.9886748999202,-6.36649242863696
11.429136,10.058715,22.420313,8.003189,17.525268,38.4970442710185,-6.33265208980141
11.4590336,10.049063,22.302622,8.062285,17.554428,37.7093178053017,-6.57499139891819
11.5052368,10.087674,22.361467,8.062285,17.505828,38.2331645038397,-6.66673901626934
11.5427344,10.049063,22.263391,8.052436,17.534988,37.7019128623756,-6.62050698552792
11.5730656,10.049063,22.194738,8.081984,17.554428,37.2704229793387,-6.76111961222195
11.6077936,10.058715,22.096663,8.121381,17.612747,36.5703141689007,-6.94283876972125
11.6440208,10.135937,22.037817,8.190326,17.680787,36.0636427625451,-7.32533162943849
11.675256,10.164895,22.008394,8.219874,17.700226,35.8597102570853,-7.49482457609748
11.705224,10.155242,21.900511,8.259271,17.690507,35.3455483098153,-7.72103068546038
11.7465456,10.300033,21.674937,8.269121,17.661347,35.1551025235718,-8.45503446906771
11.7765024,10.454476,21.429747,8.387313,17.573868,34.723968285977,-9.60551741288383
11.807728,10.560656,21.282634,8.426710,17.593308,34.3438082409353,-10.1561593158716
11.8390688,10.618572,21.213981,8.456258,17.700226,33.7469877053614,-10.3378344682256
11.8777856,10.830931,21.115905,8.515354,17.622467,34.207637397878,-11.2799159236153
11.9090096,10.927458,21.008022,8.485806,17.515548,34.7303983182307,-11.7372575714087
11.938984,10.898500,20.841293,8.603998,17.554428,33.4261112460808,-12.1396087342258
11.9802848,10.840584,20.949176,8.456258,17.651627,33.8021530874628,-11.3304995457744
12.0105648,10.850237,20.949176,8.466107,17.719666,33.515303320155,-11.2924576894131
12.0419152,10.773015,20.958984,8.436559,17.777986,33.169912243795,-10.9230058757585
12.074144,10.734404,21.037444,8.367614,17.923784,32.9905041817814,-10.3487429487083
12.1178096,10.647530,21.155135,8.357765,17.943224,33.0553838172087,-9.91703384165975
12.15428,10.579961,21.184558,8.308518,17.943224,33.1276873402743,-9.57029611571965
12.1877776,10.512392,21.184558,8.318367,18.001544,32.620946042496,-9.34269694105011
12.2340464,10.522045,21.282634,8.259271,17.982104,33.3055823713907,-9.1112703338145
12.2652496,10.483434,21.312057,8.180477,18.020983,33.4378523960152,-8.71217997898529
12.2957008,10.473781,21.351287,8.121381,18.050143,33.6601452983131,-8.44236455655666
12.3365504,10.435171,21.321864,8.160778,18.089023,33.1103413070238,-8.43254679822362
12.367808,10.444823,21.370902,8.081984,18.108462,33.5511645516987,-8.1616135576164
12.3965296,10.483434,21.390517,8.111532,18.098743,33.6660727593491,-8.33130104245168
12.426528,10.377254,21.292441,8.062285,18.089023,33.2181678206158,-8.05070680678361
12.4678304,10.435171,21.351287,8.062285,18.166782,33.2944356778522,-8.03452338603594
12.4989968,10.415865,21.331672,8.013038,18.244541,33.0464672829622,-7.77811054932974
12.5293472,10.406213,21.361094,8.121381,18.195942,32.8694248860299,-8.06633646449424
12.5702416,10.338644,21.312057,8.052436,18.205662,32.7165766944128,-7.74967351083674
12.6015264,10.232464,21.243403,8.081984,18.234821,31.8822096508009,-7.59284674040904
12.6315296,10.300033,21.253211,8.003189,18.293141,32.2294060424754,-7.47753480501778
12.6627456,10.251769,21.331672,8.052436,18.370900,31.8147670563081,-7.28590014373766
12.7027824,10.213159,21.429747,8.032737,18.361180,32.1363665403347,-7.01958175022033
12.7352816,10.271075,21.341479,8.052436,18.332020,32.071823306075,-7.37390989077679
12.7777552,10.164895,21.390517,8.003189,18.293141,32.2367831121038,-6.94223839192487
12.8265344,10.174548,21.410132,7.934244,18.390340,32.2210248041421,-6.63766900040748
12.8678224,10.155242,21.410132,7.993340,18.400060,31.8750566429941,-6.73329308220877
12.8977968,10.164895,21.488593,8.013038,18.370900,32.2128616746699,-6.75184750823047
12.9365088,10.078021,21.449363,7.934244,18.438939,31.8280149212556,-6.268275985956
12.967824,10.020105,21.547438,7.944093,18.526418,31.5691021678072,-5.91142292398404
12.9990256,10.000799,21.537631,7.904696,18.468099,31.8672168664507,-5.83486366521657
13.0414848,9.942883,21.557246,7.884997,18.477819,31.7773594078392,-5.58785413943885
13.0702944,10.029757,21.498400,7.865299,18.575018,31.557601085084,-5.72418391129109
13.1015312,9.981494,21.478785,7.904696,18.623617,30.9690487474096,-5.66490502623684
13.1327744,9.991147,21.508208,7.884997,18.565298,31.4188842756988,-5.67263878223184
13.172752,9.991147,21.468978,7.924395,18.604178,30.9674711533872,-5.78018258133463
13.202792,9.942883,21.410132,7.884997,18.652777,30.5636292584263,-5.55406586165144
13.2340576,9.942883,21.419940,7.944093,18.652777,30.3581115208676,-5.70306364115367
13.2752896,9.884967,21.508208,7.894847,18.720816,30.3861707299613,-5.22225588678344
13.3052256,9.962188,21.508208,7.944093,18.730536,30.4123795345666,-5.55448715836117
13.3352896,9.856009,21.449363,7.875148,18.779136,29.92906116787,-5.09015148041922
13.3702704,9.798093,21.370902,7.944093,18.759696,29.2597612598647,-5.23830279895812
13.4165056,9.711218,21.243403,7.845600,18.876335,28.443789733894,-4.74333885989728
13.4477552,9.798093,21.410132,7.884997,18.924934,28.968217853552,-4.8309268239522
13.4777696,9.740176,21.488593,7.904696,18.963814,28.8041320686766,-4.58630397058891
13.5177472,9.682260,21.488593,7.825901,19.022133,28.6863731327879,-4.1426254986979
13.5489968,9.624344,21.449363,7.825901,19.070733,28.1555687140978,-3.97245701545901
13.5792432,9.633997,21.527823,7.776655,19.080453,28.61879880073,-3.75938798059164
13.6228256,9.566428,21.488593,7.727408,19.158212,28.1348987781562,-3.39215693239732
13.6515392,9.402332,21.684744,7.707709,19.294291,27.780808949652,-2.49686740492004
13.6815264,9.354068,21.576861,7.638764,19.313731,27.4360338827527,-2.27378801962409
13.712776,9.296152,21.665129,7.609216,19.527569,26.8074151675124,-1.68325788674196
13.7540256,9.122404,21.655322,7.619066,19.624768,25.7418542788051,-1.12668471492589
13.7840304,9.006571,21.812243,7.550120,19.721967,25.7739490895371,-0.322924870464824
13.8152832,8.939002,21.792628,7.471326,19.731687,25.7419268537831,0.0778145827936356
13.8459488,8.823170,21.880896,7.412230,19.799726,25.609694782955,0.745696802794086
13.89784,8.794212,22.116278,7.313737,19.799726,26.7231243582491,1.36539295404207
13.9277648,8.716990,22.263391,7.244791,19.770566,27.3571547734847,1.90923135833865
13.9589952,8.668727,22.283007,7.264490,19.712247,27.4116137070447,1.94879025439358
14.0077392,8.649421,22.400698,7.195545,19.731687,27.9513456781084,2.34871339641727
14.0602352,8.523936,22.753770,7.146298,19.799726,28.6625830620817,3.29662832560091
14.0989872,8.408104,22.871461,7.057654,19.799726,29.0236551188957,4.006936294221
14.1303136,8.321230,22.930307,6.939462,19.741406,29.6366942499865,4.59985254802411
14.1615664,8.301924,22.891076,6.909914,19.634487,29.9866055116061,4.58992224430945
14.1914896,8.282619,23.057805,6.860668,19.702527,30.4175151253201,5.03228662874493
14.2427216,8.215050,23.136266,6.890216,19.751126,30.1390094402456,5.27331696399619
14.2727552,8.263313,23.175496,6.831120,19.721967,30.7953623542223,5.31512541810221
14.306608,8.224703,23.185304,6.860668,19.751126,30.4594272504898,5.38132478716574
14.3552448,8.205397,23.146073,6.840969,19.702527,30.535157253655,5.40506359807481
14.3852944,8.128176,23.155881,6.781873,19.838605,29.9922992894336,5.9516078274861
14.4152976,8.079912,23.204919,6.840969,19.790006,29.9525633018942,5.92038832042514
14.4565616,8.118523,23.214726,6.811421,19.741406,30.4348676228567,5.85452435014688
14.4877824,8.128176,23.185304,6.831120,19.751126,30.2479481980579,5.74873556030255
14.5177744,8.118523,23.204919,6.890216,19.780286,29.9257044669646,5.65412415223395
14.5502832,8.050954,23.234342,6.821271,19.877485,29.680744699915,6.18084683135876
14.5890048,8.041301,23.195111,6.880366,19.809446,29.5485655841163,5.92785771188983
14.6202624,8.137828,23.106843,6.939462,19.867765,29.1046873805798,5.44379270440528
14.6502928,8.099218,23.087228,6.969010,19.848325,28.8633578177789,5.43029297813182
14.6927296,8.108870,22.998960,6.890216,19.984404,28.3619234513554,5.68038401442239
14.7427296,8.050954,22.949922,6.969010,19.984404,27.6757018955433,5.56958788194014
14.772776,8.079912,22.998960,6.998558,20.042723,27.5957806756686,5.50870674576111
14.814024,8.079912,22.891076,7.037956,20.081603,26.9096379414259,5.32392892436545
14.8440416,7.973732,22.969537,6.988709,20.130203,26.8157055984557,5.90527212327412
14.8752576,7.915816,22.861654,6.978860,20.101043,26.3917397621728,5.96433172758276
14.9066448,7.964080,22.783193,6.978860,20.130203,26.169872948361,5.77308269739678
14.9452704,7.896511,22.724348,7.008408,20.149642,25.5308776218699,5.84420461882431
14.9765104,7.877205,22.724348,7.057654,20.276001,24.7675038669658,5.88504913714771
15.0065152,7.915816,22.675310,7.077353,20.344041,24.3848821433715,5.73420934781168
