0.0367392,8.776216,18.664011,10.479354,20.071883,5.76418705784541,3.60541673295604
0.0690624,8.718303,18.801317,10.508909,20.033004,6.10901185585154,3.80813373232024
0.0978832,8.795520,18.830740,10.489206,20.110763,6.32153779411434,3.7964877862331
0.1478928,8.689346,18.811124,10.400538,19.926085,6.79766016501169,4.04348859339274
0.1928784,8.747259,18.791509,10.331575,19.790006,7.68074114392539,3.86952335760048
0.234072,8.679694,18.909200,10.361131,19.877485,7.45827430271804,4.23746162173558
0.2704064,8.814824,19.066121,10.341427,19.896925,8.59698170699974,4.16155360766825
0.3054272,8.805172,19.075929,10.361131,19.877485,8.59664060455483,4.12266386793972
0.332896,8.737607,19.056314,10.380835,19.867765,8.22253625613976,4.21067018072591
0.3829008,8.776216,19.036699,10.302019,19.848325,8.64795377970046,4.26612875093095
0.4140912,8.776216,19.026891,10.292167,19.867765,8.57547589614551,4.30459722837888
0.4454448,8.747259,19.066121,10.361131,19.906645,8.22968517331645,4.30008500926712
0.486592,8.747259,19.105352,10.262612,19.896925,8.76915417231154,4.59805637243293
0.5178432,8.718303,19.017084,10.272464,19.945524,8.10413905156046,4.59744765538047
0.5465872,8.573521,19.085737,10.233056,20.062163,7.53140838371635,5.32349381578443
0.5815936,8.670042,19.115159,10.203500,20.071883,8.0929983532563,5.19573915164207
0.6178416,8.583173,19.085737,10.223204,20.071883,7.56957026978125,5.33643143447689
0.6491264,8.534912,19.046506,10.164093,20.130203,7.23028627499724,5.64658175307068
0.6790704,8.476999,19.154390,10.223204,20.091323,7.35369170688653,5.73111104995791
0.7203664,8.505956,19.134775,10.164093,20.091323,7.60104983246247,5.78661158159557
0.7505744,8.505956,19.134775,10.183796,20.081603,7.56540766374978,5.72170634433559
0.7815872,8.563868,19.124967,10.203500,20.052443,7.78701991951081,5.46538590103037
0.8128544,8.534912,19.203428,10.262612,20.188522,7.28531375081915,5.65776131532146
0.8704096,8.534912,19.154390,10.262612,20.139923,7.26671592036487,5.53396942487996
0.9054368,8.486651,19.134775,10.164093,20.023284,7.76879475897515,5.75166023137975
0.9366352,8.476999,19.115159,10.124685,20.052443,7.6909432492406,5.89497034462801
0.9754064,8.428738,19.183812,10.154241,20.149642,7.31795801672701,6.15513271208782
1.0054208,8.496303,19.262273,10.213352,20.139923,7.71180700221499,5.90412793219009
1.0357184,8.486651,19.203428,10.203500,20.149642,7.44537489801929,5.89394671202616
1.0753712,8.525260,19.213235,10.252760,20.198242,7.28638724162452,5.73421240572223
1.107864,8.467347,19.124967,10.144389,20.101043,7.44731649656906,5.94224364020054
1.1366096,8.409434,19.134775,10.203500,20.188522,6.73664573241152,6.06224550393934
1.170424,8.409434,19.144582,10.223204,20.217682,6.60161243855378,6.05888498323782
1.2190688,8.380478,19.232850,10.164093,20.285721,6.802144520562,6.49079701795169
1.247856,8.293608,19.262273,10.095129,20.237122,6.99500280999903,6.88441228947222
1.2791152,8.322565,19.301503,10.095129,20.237122,7.26193577067261,6.85570886680621
1.3290928,8.283956,19.223043,10.193648,20.324601,6.14316804608557,6.70637160185412
1.3604304,8.274304,19.272081,10.036018,20.266281,7.06447541158037,7.14408423298929
1.390392,8.255000,19.340734,9.986758,20.363480,7.08705747079995,7.53502661222736
1.4316416,8.293608,19.330926,10.016314,20.334321,7.19831481476508,7.30310276635792
1.46544,8.081261,19.448617,9.917795,20.421800,6.86689726293684,8.39636616239576
1.5028752,8.148826,19.507462,9.927647,20.382920,7.46510161675969,8.21099795365218
1.534088,8.168130,19.379964,9.898091,20.431520,6.97387942206864,8.14186502480852
1.572896,8.168130,19.448617,9.967054,20.431520,6.99740192549992,8.03965708797439
1.605416,8.206739,19.360349,9.927647,20.460679,6.83944368080347,7.96912875506019
1.6341584,8.187435,19.330926,9.917795,20.334321,7.13355812437746,7.85581548426803
1.6754336,8.206739,19.321118,9.976906,20.382920,6.78698014237002,7.69164048927209
1.7054224,8.235695,19.272081,9.976906,20.324601,6.91581994406172,7.4803062866031
1.7366272,8.351521,19.203428,10.055722,20.276001,6.99322777228617,6.80969764365057
1.7716576,8.409434,19.144582,10.124685,20.295441,6.67527947037496,6.42010902612552
1.8104112,8.621781,18.938623,10.203500,20.139923,6.97295711304594,5.18512371223282
1.8391488,8.969259,18.781702,10.321723,19.974684,7.8847619138185,3.53923338748966
1.8691408,9.094737,18.585550,10.400538,19.819166,7.88314259552328,2.54189588872672
1.9228592,9.220214,18.369784,10.518761,19.712247,7.48977657560241,1.47606569159917
1.9516608,9.374649,18.154017,10.587725,19.712247,7.00327791214603,0.605550218936187
1.9816656,9.413257,18.144209,10.715800,19.731687,6.59172378844723,0.189605715903966
2.0328304,9.403605,18.075556,10.715800,19.780286,6.11228988529503,0.187024275887822
2.0628144,9.509779,17.899020,10.873430,19.809446,5.17649438179609,-0.689782304514772
2.0967456,9.480822,17.761714,10.932542,19.819166,4.2783589344445,-0.942736706368407
2.150464,9.538735,17.624408,10.962097,19.770566,4.03041029792633,-1.42364834717874
2.1856592,9.712474,17.555755,11.001505,19.731687,4.44499441404059,-2.11450541464463
2.2155056,9.683518,17.467486,11.080320,19.634487,4.04487997852985,-2.50177690556375
2.2565568,9.760735,17.467486,11.109876,19.692807,4.04305052489493,-2.68853228843047
2.2878592,9.770387,17.565562,11.100024,19.605328,4.81033025302831,-2.6730591299936
2.3195088,9.702822,17.594985,11.070468,19.692807,4.45639928874556,-2.26374420326517
2.3504432,9.615953,17.585177,10.932542,19.653927,4.69544772049874,-1.76287179353282
2.3991456,9.558040,17.791137,10.843874,19.702527,5.42255265231281,-1.03441402233441
2.4316512,9.374649,18.065749,10.745355,19.809446,5.7522682467858,0.211888334882843
2.4604608,9.287780,18.242285,10.646836,19.994124,5.80046538829536,1.17759645061737
2.511576,9.104389,18.320746,10.577873,20.110763,5.22053345908415,2.0906890983208
2.5429248,8.882389,18.487474,10.469502,20.091323,5.45320893653036,3.14689742108244
2.600504,8.824476,18.605165,10.380835,20.149642,5.79591355668777,3.76217884271417
2.63572,8.660390,18.752279,10.292167,20.237122,5.73330323810093,4.73307824519267
2.6640992,8.670042,18.781702,10.390687,20.217682,5.6078294613275,4.4600617509383
2.6941296,8.641086,18.879778,10.292167,20.188522,6.3305257984868,4.88558827932361
2.7416096,8.621781,18.791509,10.242908,20.217682,5.9789275460686,4.99151704962355
2.7865888,8.747259,18.771894,10.252760,20.071883,6.87805243733437,4.41944157094611
2.8195616,8.978911,18.644396,10.321723,19.974684,7.38667599595399,3.33423865610526
2.86912,9.085084,18.614973,10.380835,19.867765,7.85702494755674,2.72186936713329
2.8992608,9.181606,18.556127,10.449798,19.799726,8.00057951387653,2.12218232978942
2.9304704,9.249171,18.428629,10.489206,19.721967,7.90394301656751,1.56981003048499
2.982816,9.336040,18.497282,10.469502,19.663647,8.7888838915754,1.40956440707111
3.0116416,9.393953,18.467859,10.449798,19.537288,9.42469133637716,1.10064387935792
3.0416224,9.316736,18.428629,10.449798,19.508129,9.07712117093167,1.20839416595408
3.0828208,9.355345,18.409014,10.518761,19.517849,8.86757461925133,0.916052787080247
3.1140752,9.307084,18.556127,10.568021,19.605328,8.76079436915571,1.23036209546985
3.1454128,9.287780,18.575743,10.548317,19.605328,8.83260163089463,1.3575595890977
3.1866688,9.345692,18.634588,10.518761,19.634487,9.28601202192107,1.40237703862942
3.245424,9.229867,18.575743,10.548317,19.644207,8.46848241234881,1.55964251021847
3.2766416,9.142997,18.624781,10.469502,19.683087,8.46438458076717,2.10745678986564
3.3153808,9.075432,18.703241,10.538465,19.760846,7.98224804741363,2.31149005850782
3.346624,9.017519,18.742471,10.489206,19.867765,7.704157093,2.78358127182241
3.37788,8.959606,18.732664,10.518761,19.926085,7.12807987567913,2.92132143719447
3.4365616,8.814824,18.781702,10.420242,20.052443,6.65533383115314,3.78727936500749
3.4678832,8.612129,18.928815,10.272464,20.198242,6.44465299409058,5.08978952709812
3.4990912,8.602477,18.968046,10.233056,20.169082,6.80382574083973,5.23281921725403
3.5304528,8.457695,19.036699,10.154241,20.188522,6.71633694908275,5.94070862595017
3.5704032,8.419086,19.193620,10.164093,20.237122,6.97221770259498,6.27727838393087
3.6017232,8.370825,19.252465,10.154241,20.266281,6.94504036456719,6.54316103106971
3.6316528,8.419086,19.232850,10.075425,20.149642,7.75325759613025,6.4538018771356
3.6805328,8.419086,19.350541,10.085277,20.159362,8.14219605947576,6.58746424714239
3.7128464,8.457695,19.321118,10.104981,19.906645,9.01377366918365,6.07574029334749
3.7454384,8.448043,19.321118,10.104981,19.945524,8.83627962758284,6.15082144674222
3.7791264,8.544564,19.399579,10.104981,19.848325,9.86554190028066,5.86900788664126
3.8153744,8.737607,19.438809,10.164093,19.615048,11.3913785821046,4.95065382134543
3.8466688,8.892041,19.448617,10.124685,19.527569,12.4820812126516,4.54632240270372
3.8766096,9.056128,19.458425,10.203500,19.381770,13.3886836109218,3.73068355233701
3.9265952,9.220214,19.478040,10.173944,19.158212,15.0135824785551,3.11171186845171
3.9604336,9.374649,19.262273,10.233056,18.992974,15.1743415777535,2.04974216401286
3.9866688,9.393953,19.134775,10.321723,19.041573,14.2574932352903,1.66331027775819
4.0304224,9.480822,19.095544,10.272464,19.070733,14.512181191942,1.55217892209202
4.0790864,9.384301,18.889585,10.410390,19.304011,12.0003666224352,1.48153496313039
4.1091552,9.258823,18.614973,10.558169,19.556728,9.01142639315336,1.39439799061239
4.1504048,9.297432,18.575743,10.528613,19.537288,9.18501873155393,1.29204817509484
4.1816528,9.345692,18.546320,10.597577,19.498409,9.14994489982641,0.89696160161278
4.2128704,9.345692,18.556127,10.489206,19.410930,9.89376105772199,1.07204678228855
4.2416448,9.432562,18.497282,10.568021,19.342890,9.96334147691532,0.471424611531525
4.282864,9.509779,18.546320,10.617280,19.284571,10.4838000513613,0.133298569578848
4.3140944,9.558040,18.487474,10.686244,19.235971,10.3693753483732,-0.314412772241809
4.3441312,9.664213,18.448244,10.705948,19.177652,10.766851718348,-0.770382671803674
4.3854224,9.625605,18.477667,10.725651,19.226251,10.4846107904748,-0.614591394642723
4.4154384,9.664213,18.281515,10.794615,19.216532,9.66310467063912,-1.17333508453145
4.4466208,9.606300,18.261900,10.824171,19.255411,9.1165569503244,-1.07439059159075
4.4778912,9.558040,18.193247,10.804467,19.362330,8.34927882784259,-0.848060821590146
4.5178368,9.500127,18.006903,10.893134,19.517849,6.52344880054849,-0.969226697398931
4.5491168,9.422910,17.967673,10.991653,19.770566,4.82611094658751,-0.728618233185422
4.579096,9.316736,17.899020,11.040913,19.935805,3.38622018778565,-0.451062106010092
4.6228368,9.326388,17.761714,10.962097,19.926085,3.18796333089272,-0.476494334140952
4.6517184,9.268475,17.810752,10.952245,19.896925,3.28886442589235,-0.275735691918982
4.7016272,9.258823,17.791137,10.902986,19.838605,3.54887401554261,-0.231771879489273
4.7428784,9.461518,17.830367,10.952245,19.692807,4.84835928909597,-1.02368887125943
4.7741248,9.538735,17.761714,11.001505,19.653927,4.84567199788196,-1.49499274642548
4.8041328,9.596648,17.732291,11.050764,19.615048,4.92167918689379,-1.86217054417715
4.8391248,9.664213,17.820559,11.040913,19.478969,6.05012689797939,-2.07516663501089
4.8754384,9.760735,18.026518,10.991653,19.187372,8.44544682515932,-2.31494395153862
4.9054304,9.944126,18.124594,10.991653,18.992974,10.2335003949137,-2.91277459962196
4.9368816,9.992386,18.055941,10.962097,18.915215,10.5426257537203,-3.16767551597077
4.9979664,10.069604,18.075556,11.011357,18.788856,11.1948102627454,-3.63724081458645
5.0291312,10.059951,17.840174,11.040913,18.895775,9.75510560432241,-3.87139627843072
5.0591344,10.002038,17.791137,11.100024,18.963814,8.88176298649504,-3.84707754957512
5.1116256,9.924821,17.369411,11.306914,19.430369,4.53344637246514,-4.10649097092054
5.141592,9.712474,16.908455,11.434989,19.848325,-0.0537936519286539,-3.95801537885295
5.1728752,9.615953,16.614227,11.612323,20.081603,-3.04302173910066,-4.24755537852375
5.2128352,9.615953,16.437691,11.651731,20.120483,-4.03177870467492,-4.54490477179736
5.2541216,9.577344,16.349423,11.612323,20.149642,-4.52036687051869,-4.43588863227832
5.3041744,9.654561,16.722111,11.612323,19.945524,-1.98339112786192,-4.3844796625437
5.3666256,9.886213,16.820186,11.533508,19.721967,0.386776719349427,-4.94618076354938
5.3966032,9.847604,16.516152,11.700991,19.780286,-1.77509894783944,-5.62433701568839
5.4316592,9.751083,17.104111,11.878325,20.081603,-1.41211346493091,-4.53670178138116
5.4678272,9.567692,16.469225,12.154178,20.693957,-7.66395285361423,-4.79513751941376
5.4991008,9.249171,15.645856,12.498995,21.617348,-16.4524734564979,-4.71670045626352
5.529136,8.911346,14.723287,13.001443,22.774017,-26.8645908838217,-4.78453839231992
5.5690848,8.399782,13.731277,13.494038,23.716847,-37.6378907364343,-4.80823344129946
5.6004,8.071609,12.878149,13.671373,24.300042,-45.1658413174972,-4.82527018548421
5.6304,7.782044,12.213502,14.104857,24.727718,-51.9457220368056,-5.5161411618641
5.6653872,7.521436,11.479415,14.459525,25.067914,-58.5506542878377,-6.31711327630564
5.701952,7.222220,10.963570,14.784638,25.699708,-64.9058639540962,-6.21073003460665
5.733304,6.980916,10.408044,15.326494,26.506460,-71.9823705319985,-6.57101530598758
5.7804752,6.787873,9.862439,15.848645,26.992455,-77.9344649434527,-7.44327039971427
5.8269184,6.488657,9.148191,16.446888,27.575650,-85.6312596731988,-8.34179908047393
5.85544,5.948136,8.592666,17.276541,28.081085,-94.0073857988668,-9.09256265217174
5.8966384,4.973269,8.076821,17.549838,28.236603,-103.080968191534,-7.96940693483311
5.9379264,4.403793,7.789138,18.545422,28.907277,-110.606351316923,-8.41426945755995
5.9769216,4.442401,7.759378,19.062735,28.955876,-111.387543523933,-9.68176624129663
6.0091152,4.529271,7.660177,19.570287,28.489321,-111.517911135702,-11.8888904539149
6.0478592,4.635444,7.332813,19.726457,27.760328,-111.958862894249,-14.1128916935088
6.0790608,4.654748,7.352654,19.863106,27.536770,-111.603471213695,-14.7865403776416
6.1216336,4.635444,7.293133,19.785021,27.303492,-111.603178897775,-15.0324163573924
6.1791376,4.548575,7.263373,19.726457,27.507610,-112.501326962533,-14.4246262422766
6.2128848,4.336228,7.283213,19.472681,28.032485,-114.026295627222,-12.5025336584186
6.241664,4.278315,7.233612,19.394596,28.294923,-114.923096829913,-11.8596039284728
6.2941632,4.046663,7.015370,19.560527,28.683719,-118.356641500651,-11.4457850306181
6.324144,3.940489,6.727687,19.628851,28.061645,-119.967484231266,-12.7715848507666
6.3541344,3.901881,6.559046,19.599569,27.381251,-120.266240477973,-13.9719961162318
6.39412,3.872924,6.420164,19.501963,27.002175,-120.650942246664,-14.522488025646
6.4266368,3.853620,6.370564,19.638612,27.196573,-121.534341305385,-14.5602883480822
6.455424,3.853620,6.400324,19.706936,27.604809,-121.992908692824,-14.0052537239693
6.4878816,3.872924,6.489605,19.775260,27.575650,-121.375692705635,-14.1125405519784
6.5265872,4.037011,6.479685,20.009515,27.254893,-120.311444581597,-15.57496335097
6.5579136,4.316923,6.459845,20.419461,26.331502,-118.006825214835,-18.7269945444806
6.5928816,4.664401,6.559046,20.682998,25.806627,-114.916053872264,-20.8260139887808
6.6491008,4.896052,6.747527,20.722041,25.612229,-112.162897997417,-21.4332151214864
6.6791728,5.050487,7.134411,20.429222,26.088504,-109.243685739098,-19.6518909721489
6.7104256,5.050487,7.193932,20.155925,26.146824,-108.564838508108,-18.850360810322
6.7503808,5.011878,7.263373,19.863106,26.049625,-107.776412230192,-18.1576522035182
6.7815872,5.031182,7.362574,19.580048,26.059344,-106.648505071937,-17.3814660424999
6.8116608,5.021530,7.322893,19.570287,25.923266,-106.705783654173,-17.6312242282982
6.8466016,5.031182,7.273293,19.599569,25.787187,-106.77054364759,-18.0316791369484
6.8828832,4.818835,7.134411,19.492202,26.224583,-109.373701323688,-16.8034645290559
6.914096,4.674053,7.154252,19.453160,26.603659,-110.641797420537,-15.7222638299348
6.9441408,4.654748,7.193932,19.570287,26.730018,-110.891562680208,-15.6745935252518
6.9854,4.606488,7.084811,19.638612,27.021615,-112.365669571904,-15.4232921457227
7.0154032,4.538923,7.025290,19.785021,26.691138,-112.848673913936,-16.2408837846121
7.045432,4.799531,7.174092,19.931430,26.564779,-110.450452647413,-17.1262000217245
7.0778992,4.982921,7.352654,19.843585,25.942706,-107.223094962238,-18.0783583077375
7.1178576,5.127704,7.531215,19.277469,25.602509,-103.858730369836,-17.3955289326326
7.1504384,5.417268,7.878419,19.492202,26.350942,-101.773697373821,-16.7234848602628
7.1804624,5.446225,7.759378,19.658133,26.059344,-102.079244704675,-17.8292277858157
7.2465952,5.369007,7.680017,19.706936,25.796907,-102.623574093615,-18.3327735506651
7.2855504,5.591007,7.511375,20.194967,25.262312,-102.240233787202,-21.0859240529018
7.3191104,5.706833,7.461775,20.536589,25.009595,-102.007815218337,-22.5970174983336
7.3854832,5.639268,7.293133,20.634195,25.009595,-103.52408850091,-22.9550789236369
7.4128352,5.233877,7.174092,20.331616,25.515030,-106.89441403726,-20.7487162000533
7.4528816,5.079443,7.273293,20.253531,26.049625,-107.933092090522,-19.1603683135294
7.4828272,5.079443,7.243532,20.136403,26.166263,-108.105846876861,-18.7556577734372
7.5140992,5.050487,7.283213,20.234010,26.001025,-107.93812930393,-19.1181880511769
7.5478384,5.118052,7.283213,20.155925,25.942706,-107.330732251562,-19.1930129261949
7.5855264,5.127704,7.293133,20.282813,25.709428,-107.049223159545,-19.8723646142751
7.616648,5.311095,7.332813,20.468265,25.408111,-105.56735849681,-21.1277085935046
7.6466368,5.311095,7.293133,20.546349,25.291472,-105.736114989171,-21.5667950843766
7.6978864,5.533094,7.293133,20.702519,25.067914,-104.342054474354,-22.7720815672999
7.7278912,5.610311,7.174092,20.897732,24.834636,-104.522138527485,-23.9729217181445
7.7704784,5.639268,7.164172,20.966056,24.873516,-104.585223798176,-24.1288046422794
7.8217472,5.455877,6.945929,21.190551,24.737437,-107.059031612043,-24.8449171881333
7.8504688,5.494485,6.955850,21.336960,24.824917,-107.144117718433,-25.0627677990445
7.9140832,5.407616,6.886409,21.307678,24.805477,-107.980041871136,-24.9757481958324
7.952888,5.359355,6.886409,21.405284,24.931836,-108.610103604237,-24.8550161641498
7.9828528,5.436572,6.906249,21.444327,24.902676,-108.058959526441,-25.1168620633683
8.0128912,5.407616,6.906249,21.434566,24.990155,-108.348012050014,-24.8798865948312
8.0740976,5.320747,6.886409,21.463848,25.077634,-109.150032935417,-24.6385667303531
8.1054352,5.060139,6.678087,21.385763,25.174833,-111.938702340437,-24.1160196444123
8.1479136,5.118052,6.648326,21.434566,25.145673,-111.80119503396,-24.4483072495863
8.1979136,5.137356,6.618566,21.785949,25.097074,-112.313712907722,-25.3723513794636
8.2278288,5.050487,6.539205,21.971400,25.067914,-113.526678169727,-25.773469410358
8.2704512,5.089095,6.440004,22.029964,24.834636,-113.631064646467,-26.5763352123541
8.3091424,5.098747,6.410244,22.166613,24.824917,-113.936001561181,-26.9531806737028
8.340448,5.060139,6.380484,22.039725,24.815197,-114.144296743176,-26.6795479165339
8.374128,5.050487,6.390404,21.981161,24.892956,-114.170669476911,-26.3774616858259
8.4216112,5.031182,6.529285,21.883555,24.999875,-113.47209200682,-25.6882922410022
8.4529488,5.040834,6.578886,21.864034,25.106794,-113.248576667517,-25.3870778263907
8.4828624,4.934661,6.598726,21.785949,25.310912,-113.944318123052,-24.5996442017726
8.5378288,4.905704,6.588806,21.698103,25.592789,-114.455486002039,-23.872369920588
8.5741296,4.828487,6.668167,21.502890,25.689988,-114.301368381281,-22.9825723932379
8.606632,4.751270,6.628486,21.346721,25.767747,-114.883487158868,-22.414422096913
8.6591152,4.703009,6.568966,21.336960,25.962145,-115.790820993816,-22.0550795131597
8.687224,4.596836,6.489605,21.522412,25.952426,-117.148707288915,-22.3807054099966
8.7166048,4.519618,6.430084,21.551694,26.078784,-118.18586655571,-22.161322119501
8.75784,4.548575,6.291203,21.707864,26.001025,-118.955258609956,-22.9368587770829
8.787888,4.529271,6.132481,21.854273,25.826067,-119.992672384966,-23.7956170820157
8.8178496,4.490662,6.003520,22.205655,25.573349,-121.144237873378,-25.1412957056389
8.8504192,4.423097,5.864639,22.352065,25.476150,-122.471420269238,-25.7332184795152
8.8904096,4.365184,5.636476,22.254458,24.922116,-123.380762616807,-26.8357911257751
8.9211584,4.268663,5.537275,22.078767,24.445840,-123.74545428782,-27.3313457540616
8.951616,4.230054,5.576956,21.951879,24.387521,-123.489988183688,-27.0090347821708
9.0016816,4.249358,5.765438,21.561454,24.756877,-122.143539130418,-25.1545788882272
9.0340944,4.278315,6.162242,21.102705,25.651108,-120.079391616189,-21.8681919469404
9.0628864,4.172141,6.350723,20.761083,26.117664,-119.74388452311,-19.7242470213608
9.0965936,4.172141,6.648326,20.321855,26.875816,-118.366321689262,-16.9457735633501
9.1354,4.056315,6.866569,19.941191,27.750608,-118.431623577902,-14.0348815907216
9.1841104,4.065967,6.955850,19.609330,27.906126,-117.593112059218,-12.9033325758354
9.2279216,4.152837,7.332813,19.423878,28.168564,-114.939883475269,-11.6787166559335
9.2554272,4.210750,7.491535,18.838241,28.042205,-112.626863122591,-10.3942352501203
9.2866592,4.355532,7.799058,18.525901,28.343522,-109.955413921467,-9.07632350983823
9.3166576,4.374836,8.156182,18.057391,28.780918,-107.7286241013,-6.83711703752034
9.3678304,4.403793,8.314903,17.569360,29.023915,-106.270124827604,-5.15570321264135
9.399136,4.442401,8.364504,17.325344,28.596240,-104.697265696887,-5.19745395248555
9.429152,4.587183,8.235542,17.540078,27.945006,-103.89852646209,-7.21297304152781
9.480384,4.722313,8.195862,17.725530,27.400691,-102.754356032312,-8.86488428305066
9.511648,4.963617,8.285143,18.145236,27.371532,-101.50107422496,-10.3474551884996
9.5416384,5.542746,8.602586,18.457576,26.846657,-96.0941425042493,-12.734777389039
9.5815952,6.594830,8.959710,18.760156,25.903826,-87.276864462816,-16.6884478699229
9.6116512,9.085084,9.892199,18.457576,21.675667,-60.1079117343814,-26.9261602258809
9.6428832,11.411252,10.804848,17.862178,18.516698,-34.9508724484287,-34.5955209511817
9.6842304,13.303073,12.064701,16.603058,15.542711,-8.13606871295887,-39.2455219787996
9.724168,15.667849,14.753047,15.178715,13.382542,24.2045467732746,-39.9288737996789
9.7546272,16.646584,16.816428,14.429970,12.444188,41.0204768813557,-38.1201355312735
9.7966432,16.877114,16.496536,14.006338,12.053207,44.0219748360687,-39.1654667492802
9.8454176,16.690977,19.036699,12.026104,10.469734,66.5801970170079,-33.143603976571
9.876672,16.140805,21.174750,11.257655,10.225371,75.6748962493572,-26.9306212245634
9.9104384,15.580980,22.822423,10.627132,10.411087,80.6265230006984,-21.215487684333
9.947928,14.886025,23.557992,9.927647,10.147175,85.3383846218216,-17.3676966636387
9.9778976,14.162114,24.666248,9.238013,10.029881,90.2720807993935,-12.5234342272926
10.0104352,13.804985,25.823542,8.765121,10.108077,94.1887368699852,-8.65208183080863
10.0491648,13.525073,26.009886,8.499120,10.000557,95.8513140935916,-7.21532291489279
10.0803952,13.110030,25.813734,8.154303,10.049430,95.9026744832287,-5.55663488250594
10.1104784,12.936292,25.833349,8.144451,10.284018,94.3717139951249,-4.72004416544548
10.144144,12.559858,25.931425,8.105043,10.968235,90.4095568193427,-2.53805859210082
10.19412,12.521249,25.558737,8.321785,11.515608,85.5708823540915,-2.74070224559047
10.2217008,12.444032,25.225280,8.449860,11.818618,82.4013998157341,-2.91193511799801
10.2528928,12.270293,25.078166,8.558231,12.238923,79.0058554373138,-2.36173670329764
10.2954416,12.125511,24.901630,8.518824,12.414864,77.4921220683601,-1.89757100401647
10.322912,12.038642,24.656440,8.597639,12.336668,76.5880566900958,-2.33275471987679
10.3546112,11.893860,24.528942,8.646898,12.405090,75.2783869177982,-2.17343087243155
10.3841104,11.816642,24.430866,8.706010,12.717874,73.0268419463077,-1.82406912643278
10.4466448,11.874555,23.822796,8.952308,12.884041,69.5376658246853,-3.22379968442485
10.4766656,11.932468,23.371648,9.208457,13.245698,65.5450919735861,-4.14265237724918
10.510456,11.826294,22.940114,9.415347,13.597581,61.4190050744835,-4.50965790816629
10.5478768,11.826294,22.822423,9.563126,13.734424,59.7890044066285,-4.8496502260967
10.579144,11.778034,22.557619,9.543422,13.851719,58.4072707300167,-4.89535472195192
10.61792,11.633252,22.332044,9.651793,13.949464,56.3562920389169,-4.99138784178286
10.6604384,11.662208,22.243776,9.848831,14.027660,54.9571582859747,-5.56810275083863
10.6904512,11.642904,21.998587,9.947351,14.047209,53.6155990992441,-6.0971019940447
10.7217312,11.681512,21.851473,10.026166,14.037435,52.9730506031162,-6.62045260994244
10.7615648,11.623599,21.723975,10.085277,14.184052,51.4907571370278,-6.59489293674809
10.7928608,11.623599,21.508208,10.262612,14.408866,49.0663879833121,-7.01737720435243
10.8241424,11.662208,21.439555,10.252760,14.408866,49.0125917235215,-7.19050945842864
10.8546496,11.681512,21.302249,10.311871,14.457739,48.1709259708311,-7.51508511145694
10.9041504,11.671860,21.213981,10.311871,14.438190,47.9392956279753,-7.65386494712553
10.9341152,11.652556,21.282634,10.341427,14.418641,48.0554855614246,-7.60490941820652
10.9754416,11.623599,21.380710,10.272464,14.399092,48.6575084691458,-7.24704478042011
11.0141232,11.623599,21.488593,10.173944,14.320896,49.7644669253176,-6.96054491411468
11.0454432,11.565686,21.616091,10.114833,14.311121,50.2844742264943,-6.49633796756283
11.0879152,11.546382,21.802435,10.104981,14.311121,50.8579125085727,-6.1477621098188
11.136624,11.633252,21.871088,10.065573,14.193827,52.0288208229086,-6.33684381876319
11.1678624,11.623599,21.969164,10.006462,14.184052,52.6065060175844,-6.03655873127996
11.1979184,11.652556,21.880896,10.045870,14.115631,52.5467447436919,-6.43738040248206
11.2378336,11.835947,21.900511,9.996610,13.988562,53.9532828321888,-6.92756696601695
11.2690928,11.855251,21.880896,10.075425,13.939689,53.821101037956,-7.27069128291916
11.300448,11.903512,21.802435,10.114833,13.890817,53.7683626054446,-7.67654791821237
11.3366736,12.086902,21.704360,10.144389,13.793072,54.3332553249843,-8.49177648662131
11.3916448,12.212380,21.576861,10.173944,13.714875,54.5407062078833,-9.18174149927451
11.4217904,12.386119,21.341479,10.242908,13.646454,54.3464514631484,-10.2359986399421
11.4554512,12.444032,21.223788,10.361131,13.558483,54.0269365443977,-10.9792668291676
11.4941552,12.386119,21.174750,10.390687,13.675777,53.0480589314967,-10.8045591513729
11.5254464,12.463336,21.204173,10.479354,13.802846,52.4420457725989,-10.9559075850594
11.555448,12.501945,20.939369,10.528613,13.734424,51.8143682859662,-11.6869030459644
11.6054192,12.415076,20.860908,10.508909,13.812621,51.0369304354392,-11.4338244803194
11.6384576,12.453684,20.782447,10.548317,13.822395,50.6968677480637,-11.7279048237002
11.6678384,12.444032,20.772640,10.577873,13.900591,50.1685205347636,-11.6672412253201
11.7116352,12.482641,20.821678,10.607429,13.929915,50.193131145008,-11.7054632997489
11.7490912,12.521249,20.703987,10.627132,13.871268,50.1096794453472,-12.1218870038353
11.7791728,12.530901,20.674564,10.656688,13.812621,50.1723977603148,-12.3543453346938
11.8128448,12.492293,20.802063,10.548317,13.851719,50.7547582969787,-11.7423353346115
11.8504544,12.530901,20.753025,10.617280,13.871268,50.338868233963,-12.0438057078598
11.8815664,12.501945,20.811870,10.577873,13.802846,50.9001857045981,-11.8970534501121
11.9116784,12.521249,20.909946,10.538465,13.753973,51.6546424329964,-11.7716681327047
11.9616448,12.608118,20.841293,10.508909,13.763748,51.7980901509918,-12.000524060503
11.9916368,12.540553,20.949176,10.479354,13.753973,52.0962362551741,-11.6153442585307
12.022888,12.559858,21.037444,10.410390,13.763748,52.6921026717709,-11.3432096242773
12.0629008,12.482641,21.017829,10.361131,13.753973,52.6456026147445,-11.0879527677277
12.0929232,12.511597,21.086482,10.410390,13.753973,52.7371520945662,-11.1668355088037
12.122904,12.434380,21.164943,10.370983,13.763748,52.8703246670693,-10.7507582571179
12.1653952,12.434380,21.194366,10.272464,13.763748,53.3932030522838,-10.469141404693
12.2041232,12.376467,21.233596,10.282316,13.753973,53.3343706380671,-10.3080292368739
12.2353936,12.328206,21.243403,10.321723,13.793072,52.8704533091703,-10.2108144205165
12.2691088,12.308902,21.263019,10.292167,13.861493,52.7017650204028,-9.95707497417604
12.3166944,12.241337,21.341479,10.213352,13.890817,52.9520327179613,-9.43825232239412
12.3516304,12.250989,21.400325,10.164093,13.920140,53.2537249703255,-9.20719381987312
12.3891712,12.222033,21.478785,10.144389,14.056984,52.8975827379337,-8.76082878971361
12.4378672,12.183424,21.380710,10.065573,14.056984,52.8130863675514,-8.62573307739456
12.4691024,12.125511,21.312057,10.095129,13.920140,52.8846707659032,-8.87113173448725
12.5004224,12.106207,21.468978,10.085277,14.037435,52.8470904066392,-8.38138369175167
12.5503984,12.057946,21.488593,10.075425,14.066758,52.6721515920214,-8.16565345883039
12.5804512,12.096555,21.557246,10.055722,14.174278,52.6259384433505,-7.9453082729056
12.6128944,12.144815,21.429747,10.065573,14.154729,52.4196775218843,-8.30883196177625
12.6541136,12.115859,21.498400,10.045870,14.125405,52.7577500643969,-8.13098504465145
12.682904,12.135163,21.478785,9.986758,14.144954,52.9293412709437,-8.03419092277836
12.7129312,12.164120,21.576861,10.045870,14.037435,53.5378697088142,-8.26267745234586
12.7466704,12.125511,21.625899,9.937499,14.027660,54.0876493724362,-7.84549643809536
12.7954176,12.173772,21.508208,9.996610,13.978787,53.8261826539993,-8.35956356947179
12.8254448,12.270293,21.498400,9.957202,14.047209,53.9693984020221,-8.40934520466086
12.8591648,12.299250,21.498400,9.967054,13.969013,54.3592370871504,-8.62245139293492
12.9066128,12.270293,21.439555,10.016314,13.978787,53.8267674320015,-8.74650936779569
12.9367424,12.337858,21.390517,10.036018,13.959238,53.8838791589489,-9.06270945956373
12.9691024,12.415076,21.370902,10.045870,13.949464,54.0629764937679,-9.31805875477446
13.0254432,12.395771,21.449363,10.055722,13.939689,54.2465438053157,-9.19003500016331
13.0591456,12.357163,21.361094,10.036018,13.929915,53.9809205498617,-9.19943687145729
13.090456,12.395771,21.312057,10.055722,13.881042,54.07644528791,-9.49087909595578
13.1428832,12.415076,21.341479,10.045870,13.920140,54.0999395932526,-9.40825954452981
13.1804608,12.376467,21.331672,10.026166,13.890817,54.1643314945833,-9.32756343329896
13.2141376,12.279945,21.439555,10.016314,13.920140,54.1142064889243,-8.85950826303104
13.2653856,12.260641,21.527823,10.036018,13.998337,53.8998530490829,-8.60664338742192
13.2941184,12.308902,21.527823,9.947351,13.929915,54.7390382876913,-8.61279830470912
13.3254496,12.222033,21.557246,9.898091,13.929915,54.7774726195471,-8.23688422252096
13.366616,12.212380,21.606284,9.917795,13.929915,54.8130435867312,-8.18691790388229
13.395488,12.077250,21.822051,9.888239,14.076533,54.548857767584,-7.23906616334155
13.4266816,12.048294,21.929934,9.789720,14.056984,55.3115792810663,-6.79502322685555
13.4616752,12.096555,21.939741,9.858683,13.969013,55.5743536462933,-7.19879273468975
13.4978528,12.038642,21.871088,9.770016,13.939689,55.704249320115,-6.98595234508177
13.5291664,12.057946,21.900511,9.848831,13.929915,55.5499041859233,-7.19739795814806
13.5591968,12.019337,21.920126,9.868535,13.949464,55.3181825433801,-7.09242631706864
13.6004432,11.951772,21.959357,9.819276,13.998337,55.2322460435448,-6.67401499733336
13.6504,11.942120,22.018202,9.671497,14.047209,55.8207670807633,-6.12581437946872
13.680424,11.874555,21.969164,9.730609,14.086307,55.0264675226032,-6.11964125083598
13.7316384,11.913164,22.057432,9.701053,14.086307,55.5494033372998,-6.01142872449248
13.7629296,11.971077,22.047625,9.701053,14.027660,55.9565954833245,-6.255657678744
13.7941728,11.835947,22.008394,9.838980,14.066758,54.637503138799,-6.26275122613833
13.8341232,11.855251,22.067240,9.710905,14.037435,55.5729655989607,-5.95032136689606
13.8654768,11.874555,22.155508,9.681349,14.105856,55.7335031371466,-5.69394745284033
13.89548,11.797338,22.126085,9.710905,14.076533,55.4032959490724,-5.66238249775785
13.927896,11.816642,22.067240,9.750312,14.096082,55.0211211943106,-5.86568174667292
13.9666832,11.806990,21.998587,9.750312,14.037435,55.0367353029831,-6.03001391054083
13.9978912,11.739425,22.028010,9.691201,14.174278,54.5755817533892,-5.47024961844662
14.0279344,11.778034,22.086855,9.710905,14.184052,54.7486298729612,-5.51411677261951
14.0691952,11.787686,22.028010,9.720757,14.076533,55.0260490194107,-5.80753012176649
14.1004256,11.864903,21.959357,9.858683,14.115631,54.2741498697491,-6.3829038230377
14.1304592,11.787686,21.900511,9.858683,14.086307,53.9790596997805,-6.32333831079355
14.1616416,11.903512,21.841666,9.819276,14.066758,54.4158490055977,-6.62859963283974
14.21164,11.864903,21.841666,9.878387,14.017886,54.2504972049987,-6.75207851060322
14.2416592,12.038642,21.841666,9.917795,14.047209,54.4889569538774,-7.23145507769825
14.29168,12.019337,21.841666,9.976906,14.027660,54.2557192791986,-7.3580044011831
14.3354144,12.057946,21.674937,10.085277,13.939689,53.7677805848941,-8.09984834993855
14.3641296,12.193076,21.449363,10.065573,13.920140,53.657359799783,-8.75324597282414
14.4016592,12.250989,21.380710,10.104981,13.793072,54.0088870657267,-9.28957199474617
14.4466384,12.463336,21.292441,10.173944,13.744199,54.3076785767908,-10.1801879311286
14.4766832,12.627423,21.223788,10.203500,13.617130,55.0333311513323,-10.9489605964245
14.5104544,12.685336,21.076675,10.311871,13.607356,54.3223217988241,-11.5915382217371
14.557936,12.685336,21.047252,10.311871,13.617130,54.1877378221874,-11.6225132509788
14.5891584,12.772205,20.978599,10.390687,13.617130,53.8987535305102,-12.1237835805432
14.6204752,12.801161,20.929561,10.410390,13.529159,54.1355938366646,-12.4562362732048
14.6616352,12.907335,20.792255,10.449798,13.529159,53.8655436916528,-13.0185447943403
14.6916336,12.994204,20.664756,10.439946,13.450963,54.1255137297674,-13.5301127024209
14.7219008,12.984552,20.684372,10.449798,13.431414,54.1993041695105,-13.5304752017212
14.7556992,12.994204,20.753025,10.499058,13.450963,54.1410547952186,-13.5265517354312
14.792952,13.071422,20.654949,10.499058,13.362993,54.462831446128,-14.0077065711616
14.822936,13.071422,20.723602,10.508909,13.421640,54.375299252598,-13.8249002347891
14.8541824,13.013509,20.762832,10.479354,13.421640,54.4470552996328,-13.5570284074106
14.9016496,13.148639,20.782447,10.548317,13.372767,54.8389469396783,-14.0807193044252
14.9467008,13.196900,20.733410,10.538465,13.245698,55.4390268160394,-14.4552706300672
14.9766912,13.235508,20.547066,10.548317,13.099081,55.5862211862556,-15.1121677066072
15.0279216,13.351334,20.537258,10.577873,13.030659,56.0871450208321,-15.5783868845166
