0.0399216,11.961056,16.467114,12.610933,16.942074,-5.30329406558477,5.14596694117608
0.0735504,11.941755,16.437691,12.660194,16.912914,-5.56249052171563,4.98037500688569
0.1010784,11.970707,16.398461,12.630637,16.912914,-5.49348474158978,4.91617787536384
0.1423184,11.990009,16.408268,12.719308,16.883754,-5.60025592287068,4.63972850041377
0.1822272,12.086518,16.329808,12.719308,16.835155,-5.35372084885195,4.20896873413379
0.213488,12.173376,17.179440,12.778421,16.718516,-1.63339414954267,5.10059105371152
0.2548032,12.250583,17.179440,12.936058,16.737956,-1.99693805555401,4.61056097106098
0.2847552,12.269885,17.080219,12.876944,16.640757,-1.71956841540599,4.37486060772442
0.3160128,12.356742,17.129829,12.906501,16.562998,-1.04049347366266,4.07046714073325
0.3460912,12.424299,17.109985,12.926206,16.592157,-1.04482054591542,3.89333838845276
0.3972416,12.404997,16.921466,12.955763,16.553278,-1.77502940430473,3.49236248607813
0.4285552,12.453251,16.941310,12.965615,16.582437,-1.66697188916099,3.44618736459008
0.4610432,12.472553,16.951232,12.985320,16.514398,-1.38218473428994,3.26336529252177
0.512288,12.530458,16.941310,13.005024,16.562998,-1.45615235235356,3.15767559723397
0.5710784,12.511156,16.891700,13.024729,16.562998,-1.78167682831483,3.07385977759563
0.6109632,12.578713,16.832167,13.054286,16.485238,-1.57564447124308,2.63099140230459
0.642288,12.598014,16.782557,13.054286,16.504678,-1.75847016957889,2.53804315114577
0.6872416,12.607665,16.772635,13.083842,16.465799,-1.72532275646064,2.37019301763835
0.7185264,12.684872,16.762713,13.152809,16.494958,-1.8365688154465,2.08445894257331
0.7551872,12.684872,16.732946,13.054286,16.426919,-1.33618090195315,2.13355969487386
0.7848048,12.752428,16.723024,13.024729,16.368600,-0.801161324204728,1.93520190538531
0.826024,12.742778,16.663492,13.103547,16.378319,-1.38111776252462,1.70021623224014
0.8660128,12.762079,16.713102,13.054286,16.407479,-1.05390263012189,1.89899282048784
0.8973008,12.762079,16.723024,13.152809,16.436639,-1.48559346892535,1.75137573041365
0.927312,12.723476,16.772635,13.103547,16.407479,-1.15791477629797,1.97661082005573
0.9685472,12.694523,16.732946,13.024729,16.436639,-1.22781154565005,2.19339538794763
0.9984944,12.713825,16.713102,13.083842,16.465799,-1.55366461750312,2.03837258150396
1.0297648,12.742778,16.762713,13.064138,16.494958,-1.29967999074226,2.1512945805379
1.061104,12.704174,16.693258,13.113399,16.407479,-1.55680151485639,1.8627272284285
1.1010528,12.742778,16.703180,13.083842,16.417199,-1.30549941370781,1.87635958264507
1.1322496,12.675221,16.713102,13.083842,16.446359,-1.62452668401604,2.08950772521843
1.1922528,12.723476,16.762713,13.073990,16.504678,-1.44217008862838,2.18822718420756
1.2335696,12.704174,16.752791,13.044433,16.436639,-1.19174384333515,2.1629586142903
1.2647488,12.704174,16.802401,13.073990,16.465799,-1.22497044885304,2.23156959654052
1.29984,12.598014,16.861933,13.024729,16.553278,-1.53612541891244,2.8176151847862
1.3360576,12.617316,16.852011,13.054286,16.504678,-1.43195074921889,2.61269739772124
1.3660064,12.559411,16.822245,13.014876,16.631037,-2.07242600758594,2.98737165472162
1.3959872,12.482204,16.881778,12.995172,16.611597,-1.99453764678602,3.26688441045381
1.4373984,12.482204,16.901622,12.985320,16.582437,-1.77867797943198,3.27296083312958
1.4685104,12.414648,16.941310,12.876944,16.699076,-1.91164005867788,3.92084975799294
1.4997952,12.260234,17.040531,12.896649,16.776836,-2.47147944989732,4.51178416274527
1.5322992,12.240932,17.080219,12.817831,16.805995,-2.21488900866525,4.84301522856558
1.5697984,12.134772,17.308426,12.709455,16.942074,-1.86643071409436,5.91635960263474
1.5997312,12.134772,17.298504,12.748865,16.942074,-2.04669028795075,5.81219205766273
1.631056,12.057565,17.258816,12.650342,16.942074,-2.11766216321457,6.14143360506576
1.6697952,11.951406,16.378845,12.650342,17.019833,-6.10476383256645,5.0610550073137
1.7034752,11.893500,16.525959,12.532114,17.029553,-5.36816239078842,5.72147422777254
1.7334928,11.854897,16.496536,12.561671,17.136472,-6.12583822908342,5.87026360401058
1.767264,11.787341,16.545574,12.463148,17.155912,-5.90803597771549,6.36215391337017
1.8209952,11.739086,16.663265,12.453296,17.185072,-5.71370080275458,6.7362921321319
1.856032,11.796992,16.594612,12.433591,17.204511,-5.75368622952898,6.56816572478089
1.8898256,11.700483,16.594612,12.453296,17.243391,-6.33573417947287,6.80786937968416
1.9272656,11.739086,16.643650,12.364625,17.204511,-5.53541209991818,6.93945176241653
1.9585584,11.710134,16.682880,12.354773,17.194791,-5.42459029110118,7.07693463120703
1.991032,11.729435,16.712303,12.344921,17.165632,-5.09609729461207,7.05562802070824
2.032248,11.642577,16.653458,12.335068,17.155912,-5.58006980752426,7.16630761746842
2.0598016,11.681181,16.692688,12.374478,17.175352,-5.4985465024922,7.08247141828972
2.0897472,11.710134,16.692688,12.413887,17.233671,-5.74545592833032,7.02060664110819
2.1226816,11.787341,16.692688,12.404034,17.262831,-5.52217127787773,6.9137715349736
2.1710272,11.796992,16.692688,12.413887,17.223951,-5.37958464043002,6.80565213590915
2.2022592,11.796992,16.653458,12.364625,17.165632,-5.135191670126,6.75890702952794
2.2335216,11.748737,16.653458,12.325216,17.165632,-5.17437514754122,6.9602822117081
2.2834976,11.739086,16.624035,12.344921,17.126752,-5.25296420144864,6.82515904204056
2.3147472,11.729435,16.653458,12.295659,17.136472,-5.03227222599451,7.02502003148767
2.3447776,11.719785,16.731918,12.295659,17.223951,-5.09140240907125,7.31840807454931
2.3860384,11.739086,16.751533,12.374478,17.165632,-5.01860542995662,7.02960553334251
2.4197632,11.748737,16.633842,12.354773,17.194791,-5.46436325091501,6.90794951549596
2.467288,11.681181,16.702495,12.315364,17.262831,-5.56496920218187,7.37736293032978
2.5085152,11.661879,16.800571,12.266102,17.223951,-4.94212601711436,7.6318510549915
2.5391344,11.690832,16.810379,12.246398,17.321150,-5.07885481852329,7.78400724635863
2.5697632,11.632927,16.879032,12.206989,17.350310,-5.00053662145336,8.16690392307104
2.6010288,11.536418,16.879032,12.147875,17.340590,-5.11514133711405,8.51239459970679
2.6410336,11.526767,16.888839,12.128170,17.398909,-5.25615377085308,8.69030854523802
2.6710576,11.468862,16.947685,12.118318,17.408629,-5.2520882842272,8.95822324886463
2.7022608,11.468862,16.996723,12.029647,17.398909,-4.70430416803342,9.22830864827568
2.7422832,11.382004,17.084991,12.108466,17.447509,-5.16647823459364,9.46537134426535
2.7726096,11.304797,17.183067,12.019795,17.486389,-4.90472179047137,10.0714753595076
2.803488,11.179335,17.153644,12.000090,17.554428,-5.67176031154918,10.4744527666769
2.834768,11.179335,17.251720,11.970534,17.564148,-5.22519397333881,10.7139368750746
2.87476,11.188986,17.241912,11.950829,17.583588,-5.2248202904506,10.7528198995537
2.9048464,11.179335,17.202682,11.980386,17.651627,-5.76799182135861,10.7510163555834
2.9360592,11.169684,17.271335,11.960681,17.671067,-5.54232168970771,10.9583304099873
2.978528,11.150383,17.251720,11.970534,17.583588,-5.40664429858118,10.8128907642434
3.0072976,11.188986,17.065376,11.990238,17.544708,-5.90072746801111,10.3201265103951
3.0372768,11.179335,17.163452,11.911420,17.603027,-5.48750553859615,10.776125614079
3.0710784,11.140732,17.232105,11.921272,17.622467,-5.48018198417696,10.982543926014
3.1297456,11.150383,17.241912,11.970534,17.661347,-5.72833414801038,10.9194107024236
3.1598,11.150383,17.251720,11.881863,17.709946,-5.54454314149717,11.220604776495
3.1960432,11.150383,17.251720,11.881863,17.661347,-5.36668666520789,11.1446592095436
3.2322944,11.063525,17.300758,11.872011,17.700226,-5.61713210847491,11.5114930690108
3.26232,11.082827,17.320373,11.862158,17.719666,-5.50384838821866,11.5498390287568
3.292296,10.976667,17.320373,11.803045,17.787706,-5.94165830610364,12.0492500036855
3.3347472,10.918762,17.369411,11.783340,17.748826,-5.76114520320938,12.250618490335
3.3635552,10.938063,17.477294,11.793192,17.758546,-5.34743148682607,12.3625888538342
3.3935648,10.822253,17.506717,11.852306,17.797426,-6.03508513863483,12.6034445096225
3.4247552,10.899460,17.496909,11.803045,17.719666,-5.31342461271757,12.4016483175391
3.4647888,10.928413,17.526332,11.901568,17.709946,-5.4162025275726,12.1276296589362
3.4960144,11.015270,17.438064,11.852306,17.632187,-4.95638674977418,11.7809661263973
3.5260672,11.044223,17.389026,11.832602,17.583588,-4.78181633551794,11.6070199801826
3.5772544,11.053874,17.271335,11.940977,17.466949,-5.16338969381177,10.9592756432145
3.6085344,11.285495,17.251720,11.960681,17.369750,-4.07084525639846,10.1801342824755
3.6399248,11.536418,17.192874,12.049352,17.301710,-3.42089535318576,9.18246119121422
3.6727792,11.719785,16.986915,12.197136,17.107312,-3.33401187628029,7.77048929165191
3.7123072,11.835595,16.731918,12.216841,17.010113,-3.57347587551091,6.88345818522419
3.7498016,11.903151,16.604420,12.246398,16.883754,-3.44174121605511,6.24126088085469
3.78356,11.999660,16.673073,12.305511,16.961514,-3.3238453853869,6.12685356845938
3.8210064,11.990009,16.673073,12.344921,17.039273,-3.79273241156768,6.18712334113277
3.8622992,11.999660,16.663265,12.354773,17.010113,-3.72218378979372,6.07843111309694
3.8948096,12.018962,16.594612,12.433591,16.912914,-3.84092960186183,5.58062632239406
3.9334912,11.980358,16.525959,12.551819,16.922634,-4.71820335226052,5.30184399135542
3.9635808,11.999660,16.555382,12.463148,16.893474,-4.09985988148526,5.4598353327493
3.9947856,11.951406,16.574997,12.532114,16.864315,-4.35511327378531,5.39687666225551
4.0347904,11.874199,16.643650,12.522262,16.874035,-4.38708341484517,5.72516234633477
4.0648144,11.912802,16.624035,12.522262,16.932354,-4.52954072143944,5.7014254763692
4.0972672,11.787341,16.604420,12.561671,16.951794,-5.29709363948691,5.89719525717231
4.1260688,11.845246,16.624035,12.512410,17.029553,-5.10647488138518,6.03843587082328
4.1785728,11.835595,16.624035,12.561671,17.029553,-5.3234561431548,5.94818391843671
4.2072992,11.835595,16.614227,12.561671,17.029553,-5.36075269583785,5.93199216526645
4.2385632,11.777690,16.525959,12.541966,16.951794,-5.56115852369992,5.83415340269599
4.2884976,11.845246,16.506344,12.670046,16.980954,-5.95335546668298,5.40450548698926
4.3197696,11.874199,16.525959,12.679899,16.942074,-5.66218868960383,5.28447397925287
4.3635408,11.951406,16.457306,12.719308,16.980954,-5.91519036773088,4.97110821525754
4.4098928,11.874199,16.427883,12.729160,17.010113,-6.46405448050237,5.1229225689067
4.4410544,11.951406,16.408268,12.679899,16.912914,-5.70997251162595,4.86477071923646
4.4710224,11.951406,16.369038,12.660194,16.883754,-5.6809403930592,4.7948790098973
4.5110224,11.922453,16.388653,12.699603,16.961514,-6.14486774814525,4.93413361377746
4.5422976,11.893500,16.437691,12.739012,16.951794,-6.17637857017661,4.97611599508136
4.5728928,11.999660,16.496536,12.689751,16.903194,-5.19080463175791,4.86467342479484
4.6048368,11.999660,16.525959,12.709455,16.883754,-5.08009956464259,4.83687265972443
4.6447952,11.951406,16.447498,12.670046,16.893474,-5.45323921658839,4.92014095453496
4.6760496,11.912802,16.486729,12.660194,16.815715,-5.1296959442204,4.96546944194064
4.7064144,11.951406,16.516152,12.650342,16.912914,-5.19099580880885,5.1116958046736
4.7472208,11.912802,16.486729,12.630637,16.825435,-5.05684509242212,5.04875688974101
4.7772832,11.941755,16.565189,12.581376,16.883754,-4.68158848515355,5.32295321338068
4.8085552,11.912802,16.594612,12.591228,16.864315,-4.64458471457847,5.38291432923447
4.840384,11.912802,16.633842,12.630637,16.874035,-4.67611141463873,5.37484339677379
4.8798096,11.893500,16.604420,12.581376,16.932354,-4.89419912001108,5.57840123555228
4.91104,11.883849,16.653458,12.473000,16.903194,-4.23923067643003,5.88003861149272
4.9410256,11.864548,16.682880,12.522262,16.912914,-4.41793195560705,5.87651090431985
4.9847584,11.922453,16.712303,12.502557,16.893474,-3.94333925771094,5.80604434297777
5.032248,11.922453,16.790764,12.473000,16.883754,-3.50246710839003,5.98684740822765
5.0635728,11.951406,16.722111,12.532114,16.825435,-3.65515177445845,5.57662389251279
5.1035392,11.932104,16.810379,12.482853,16.903194,-3.50014719331797,6.00684101083275
5.1347472,11.874199,16.829994,12.433591,16.844875,-3.24745431197139,6.18732339547621
5.1648096,11.854897,16.800571,12.404034,16.815715,-3.21405646228385,6.2023590347396
5.1972848,11.835595,16.839802,12.423739,16.874035,-3.42744658431093,6.36224878205254
5.2372656,11.796992,16.908455,12.295659,16.951794,-3.12801366879008,6.98464672377206
5.2672592,11.739086,16.967300,12.285807,16.990673,-3.23184063916401,7.30007136514826
5.2973056,11.777690,16.996723,12.266102,17.010113,-2.97466435288332,7.33611766195822
5.3372352,11.642577,17.026146,12.315364,16.980954,-3.44725940982917,7.53436721414496
5.3685104,11.700483,17.094799,12.226693,17.078153,-3.0019915224315,7.8742042236263
5.398568,11.546069,17.124221,12.197136,17.087872,-3.399555097421,8.36331405090888
5.4310432,11.420607,17.202682,12.147875,17.243391,-3.96914048816442,9.14538985471488
5.4797584,11.295146,17.359603,12.000090,17.398909,-3.87872524582329,10.2810681859616
5.5110624,11.169684,17.438064,11.940977,17.476669,-4.12501607501259,10.9616136790064
5.5410656,11.082827,17.487102,11.803045,17.525268,-3.93903061737564,11.6473946216877
5.5923152,11.034572,17.624408,11.803045,17.573868,-3.78139971356018,12.0507239446123
5.627312,10.947714,17.663638,11.773488,17.583588,-3.88830884649317,12.4041862103409
5.664792,10.947714,17.781329,11.655260,17.573868,-2.97123142711842,12.853463378591
5.7148176,10.851206,17.957865,11.615851,17.651627,-2.81205668053943,13.5682975513019
5.7460768,10.783649,18.006903,11.615851,17.632187,-2.80973667112494,13.7760008926487
5.7760608,10.716093,18.095171,11.468067,17.680787,-2.36419308577155,14.5039574669282
5.82728,10.629235,18.222670,11.448362,17.826585,-2.67885670476665,15.1722651705055
5.8585648,10.552028,18.163824,11.379396,17.884905,-3.15111347999556,15.5279653543527
5.8872928,10.494123,18.134402,11.379396,17.884905,-3.48078044806106,15.6259222034261
5.9297568,10.523076,18.154017,11.339987,17.855745,-3.04339841901383,15.6373455316179
5.9585968,10.494123,18.310938,11.261169,17.855745,-2.26882658047161,16.1346568653619
5.991096,10.542377,18.536512,11.192203,17.826585,-0.879219672259517,16.4749243463101
6.0335552,10.687141,19.085737,11.123237,17.369750,3.65253592463997,16.4245311263371
6.069776,10.812602,19.615346,10.926191,16.893474,8.5915125281896,16.6779943503104
6.1010224,10.947714,20.154762,10.620770,16.329720,14.3810368784611,17.0615648045316
6.1322832,11.005620,20.880523,10.404019,15.513883,21.2503325816346,17.3233254425403
6.1722816,10.658188,21.567054,10.019780,15.308717,24.8403077390573,19.8545808360733
6.2135728,10.494123,21.665129,9.940962,15.279407,25.0780267323056,20.5711139703361
6.2435696,10.194946,21.488593,10.000075,15.679971,21.5550220874332,21.502581135
6.2872656,10.021230,21.223788,10.118303,16.533838,16.0713674230041,22.4608376427949
6.324816,9.741355,20.998214,10.295644,17.029553,11.6276202592715,23.092385102002
6.3564592,9.615893,20.860908,10.374462,17.155912,9.89375153372029,23.1976050077112
6.3910432,9.471130,20.811870,10.374462,17.321150,8.55846718921011,23.728175572112
6.4273232,9.326367,20.468605,10.561656,17.369750,5.88602645515473,23.2195832436461
6.458584,9.210556,20.174378,10.650327,17.534988,3.408127296668,23.1140393496136
6.4885712,9.220207,19.713422,10.965600,17.875185,-0.755270799465705,22.1097226918301
6.5397968,9.239509,18.762087,11.438510,18.487539,-8.29568003772947,20.3831245072312
6.572368,8.949983,16.624035,12.404034,20.003844,-26.6203061307886,17.8010740030508
6.6010224,9.056142,15.849882,13.192218,20.878635,-34.7466328078306,15.760240926469
6.6410384,8.872776,14.053988,13.842469,21.802026,-48.1124017409161,13.3471613283004
6.671024,9.065793,12.436691,14.463163,22.608778,-58.6502731396307,10.1845819168039
6.702272,9.336018,11.146823,15.014892,22.939255,-65.8316766314385,6.76221577054023
6.7347536,9.741355,10.571343,15.438540,23.260012,-68.5570654713102,4.48385534722964
6.7847824,9.953674,10.233992,15.891745,23.998725,-72.1050085847214,3.6858015295814
6.8160832,10.030881,9.757733,16.551849,24.630518,-77.0696152915889,2.36497298329211
6.8485712,9.287763,9.152487,16.720186,25.291472,-85.5208657488294,3.67926062964679
6.9085568,7.705019,8.338877,17.257020,26.418981,-101.276676881017,6.47001385919602
6.9473152,4.558833,7.306982,19.052974,30.015346,-133.284305846262,13.421297849436
7.002264,4.674644,7.247450,19.950952,30.384702,-134.685529620936,11.5869340378334
7.0386896,4.693946,6.721581,20.692759,28.868397,-136.54067976768,6.84636549833398
7.0685584,4.693946,6.542983,20.731801,28.217163,-136.760487200499,5.45124267411087
7.112304,4.674644,6.235399,20.858689,26.904976,-137.089296476033,2.55075355089857
7.140168,4.809756,6.066724,20.995338,25.398391,-135.369929984558,-0.96270639246826
7.1710576,5.051028,6.086568,20.995338,24.834636,-132.948373300846,-2.47411126213667
7.2035568,5.195791,5.987348,21.376002,24.241722,-132.35274002593,-4.88914202948319
7.242352,5.350205,5.798828,21.864034,23.541889,-132.243180474883,-7.94291357758916
7.2737376,5.620430,5.788906,22.391107,23.046174,-130.698413061788,-10.5778076896374
7.3048208,5.909956,5.788906,22.976744,22.832336,-129.517836443023,-12.7555656262257
7.3448224,6.209133,5.540854,23.952807,22.103343,-129.589269215886,-17.1946003831702
7.3748272,6.276690,5.392023,24.411556,21.578468,-129.974618006818,-19.5798965491306
7.4061312,6.295991,5.263037,24.655572,21.354911,-130.663781254636,-20.8108283159126
7.4373312,6.276690,5.243192,24.772699,21.685387,-131.568630071599,-20.3319365977656
7.4760816,5.938909,5.143972,24.645811,22.239422,-134.818239685877,-18.5250608682039
7.5075424,5.630081,4.866154,24.880066,21.889505,-138.238731260433,-19.7034590730485
7.5403552,5.620430,4.687557,25.182645,21.529869,-139.326811915196,-21.3973396902772
7.5960576,5.900305,4.776855,25.719479,20.966114,-137.007153811603,-23.9086397525296
7.628592,6.257388,4.826466,26.061101,20.431520,-134.247814740155,-26.2089614071764
7.6598288,6.392500,4.776855,26.187989,20.266281,-133.673536405462,-27.1408991910114
7.7010112,6.450405,4.846310,26.236792,19.974684,-132.546129608225,-27.8227207462341
7.7310896,6.749583,5.024907,26.158707,19.809446,-129.308754296868,-28.169530675509
7.7623216,7.087363,5.263037,26.070862,20.110763,-126.239132856311,-27.3906884260613
7.7935696,7.241777,5.560699,26.041580,20.587038,-124.327569569997,-25.9167983820384
7.8335328,7.328635,5.550777,25.914692,20.577318,-123.672722981644,-25.8914074330304
7.8648384,7.174221,5.431712,25.690197,20.237122,-124.350742034592,-26.2435387172873
7.896096,6.875044,5.233270,25.290012,20.480119,-127.018514613567,-24.9368316073422
7.9448416,6.537263,5.193582,24.928869,20.421800,-128.617180972003,-23.9141287341577
7.976072,6.624121,5.461478,25.026475,21.286871,-127.994303385428,-21.798965945726
8.0075248,6.672376,5.560699,25.211927,21.520149,-127.771803504217,-21.5160755476911
8.046088,6.643423,5.501166,25.338815,21.413230,-128.317830344955,-22.0386246928313
8.0885408,6.527612,5.481322,25.231448,21.452110,-129.008064934724,-21.60228643399
8.1197936,6.517961,5.431712,25.192406,21.704827,-129.676586351476,-21.0898962762034
8.149832,6.363547,5.580543,25.045996,21.821466,-129.664835913295,-19.9975228375233
8.1948656,6.440754,5.570621,24.997193,21.996424,-129.459368911421,-19.7080767955529
8.2322688,6.537263,5.560699,24.821502,21.617348,-128.113902971077,-20.3712563468707
8.2648608,6.662725,5.640075,24.811741,21.257712,-126.34215172036,-21.1675139328695
8.3035408,6.913647,5.719452,24.762938,21.121633,-124.124895605909,-21.6495208347955
8.3335312,7.077712,5.709530,24.967911,20.800876,-123.046302755458,-23.0055960168476
8.3735264,7.174221,5.709530,24.987433,20.703677,-122.363284452092,-23.417123864613
8.414808,6.990854,5.659919,24.889826,20.830036,-123.758313395675,-22.7576242643989
8.4460896,6.546914,5.630153,24.538444,22.006144,-127.812291843943,-18.9252144679617
8.4760704,6.102974,5.550777,24.392035,22.637938,-131.615565091115,-16.7095840191408
8.509832,5.938909,5.431712,24.470120,22.579619,-133.326426074307,-16.9081453798216
8.54732,5.852051,5.372179,24.704375,22.774017,-134.811456685046,-16.909983815965
8.5785632,5.813447,5.302725,24.880066,22.647658,-135.526400949476,-17.5618091787523
8.6098304,5.938909,5.243192,25.172885,21.976985,-134.598108592187,-19.8348462029365
8.6622768,6.180181,5.213426,25.241209,21.704827,-133.039218246846,-21.0288011474938
8.6910688,6.199483,5.243192,25.377858,21.802026,-133.084901185868,-21.0427003826582
8.7211744,6.064370,5.243192,25.309533,22.103343,-134.222091318345,-20.0480794873437
8.7710416,6.074021,5.292803,25.065518,22.171383,-133.61817182026,-19.3788887127845
8.8022576,6.054719,5.421790,24.587247,22.113063,-132.185517624847,-18.3178621899875
8.8485152,6.151228,5.481322,24.401795,21.850626,-130.587610404205,-18.5729990323365
8.894816,6.228435,5.699608,24.177301,22.365781,-129.271682230955,-16.7922684924292
8.927376,6.276690,5.838517,23.884482,22.608778,-128.095912308756,-15.5630201715354
8.9548672,6.199483,5.927815,23.835679,22.968415,-128.497539950622,-14.4325482573577
8.9985696,6.170530,5.818672,24.021131,22.958695,-129.568422882941,-14.9634765986396
9.0348672,5.987163,5.778984,23.806397,23.123933,-130.805105140378,-13.9591409668862
9.0673232,5.620430,5.649997,23.513579,23.532169,-133.919803499588,-12.1351962211922
9.0973392,5.456365,5.679763,23.250042,24.047324,-135.082989646603,-10.2380554840059
9.13728,5.244046,5.739296,22.879138,24.397241,-135.972401145098,-8.28970021859574
9.1673072,5.205442,5.709530,22.849856,24.484720,-136.466374101419,-8.0432041617708
9.1985952,5.215093,5.719452,22.918181,24.484720,-136.443346385397,-8.18249738715673
9.2398064,5.166839,5.798828,22.859617,24.543039,-136.255404540697,-7.70707429905204
9.2697872,5.089632,5.679763,22.830335,24.533319,-137.388094405254,-7.73249451566394
9.30104,5.002774,5.689686,22.732729,24.756877,-138.028240434407,-6.91737736270101
9.3360384,4.925567,5.719452,22.596080,25.194273,-138.724714152822,-5.61182462784966
9.3722944,4.886963,5.749218,22.557038,25.048474,-138.528111014763,-5.66495455065256
9.4023008,4.886963,5.610309,22.547277,24.717998,-138.913465209173,-6.51761706938384
9.4335264,4.906265,5.471400,22.566798,24.105644,-138.838587363292,-8.02507328836276
9.4761072,4.983472,5.322569,22.430150,23.221132,-137.854631953347,-9.9270641993181
9.52612,5.311602,5.342413,22.517995,22.521299,-134.771183811782,-12.1595067714249
9.5560688,5.437063,5.451556,22.664405,22.385221,-133.317881941432,-12.7687690918863
9.6060848,5.572175,5.640075,22.947463,22.948975,-132.591526091135,-12.090778334311
9.6372896,5.514270,5.679763,23.103633,23.648808,-133.956743720468,-10.8312162569011
9.668608,5.523921,5.788906,23.308606,24.057044,-134.123615557443,-10.2604683684472
9.708616,5.504619,5.838517,23.435494,24.251442,-134.398515529478,-10.0087343973555
9.7398032,5.456365,5.689686,23.464776,24.193123,-135.52979144034,-10.3650055917527
9.7698032,5.485318,5.679763,23.650227,24.300042,-135.822736184853,-10.6012389752345
9.8035456,5.543223,5.858361,23.904004,24.863796,-135.553392108664,-9.81378971829981
9.8510224,5.437063,5.937737,23.659988,25.369231,-136.064102407948,-8.05858005453691
9.8822464,5.359856,6.046880,23.601424,25.719148,-136.270475566569,-6.96414213426345
9.912336,5.475667,5.967503,23.328127,24.960995,-134.651531009893,-8.17430592491571
9.9636256,6.662725,6.294932,23.015787,23.872366,-123.851174162159,-11.298252251676
9.9948272,7.618162,6.860489,22.088528,22.987855,-112.334909510706,-11.9581834463112
10.0286176,8.544646,7.078775,21.229593,21.899225,-102.459642035766,-13.7743211590974
10.0760496,8.998237,7.217684,20.429222,20.830036,-95.4375178657942,-14.9660029775533
10.1148432,9.577290,8.239657,19.472681,21.607628,-86.6168166274832,-10.686077525032
10.1460672,10.079135,9.092955,19.043214,21.704827,-79.0601841162431,-9.04177276674988
10.1885488,10.397614,10.085161,18.438055,21.267431,-70.2481806030337,-7.4621417101644
10.2260896,10.465170,11.077368,17.832896,21.306311,-63.884487621464,-4.55388675991289
10.258576,10.108088,11.950510,16.837313,20.314881,-56.2918357500769,-1.98663032926988
10.309768,10.021230,12.764120,16.502587,19.673367,-50.2721480296512,-0.795427653644866
10.3398272,10.252851,14.173053,15.724256,19.158212,-39.2739574230945,1.9065069017168
10.3710992,10.359011,14.589780,15.162676,18.798576,-34.2248380992969,2.99387713836056
10.4061968,10.445869,14.917208,14.768584,18.400060,-29.9748027228813,3.55220518169894
10.442352,10.455520,15.165260,14.630652,18.322300,-28.204338338866,4.12198948462578
10.4723072,10.484472,15.462922,14.463163,18.526418,-26.9720693859933,5.2597564706088
10.5023344,10.455520,15.453000,14.453311,18.633337,-27.4454292355042,5.50492369305182
10.5547904,10.416916,15.373623,14.522277,18.759696,-28.5591970917245,5.51377710333582
10.5836128,10.407265,14.629468,14.788289,18.886055,-32.9548036258296,3.92564509603549
10.6148224,10.387963,14.093677,15.103562,18.847175,-36.1874975296905,2.3040973149039
10.6547856,10.465170,13.667028,15.379426,18.788856,-38.3723872313599,0.698285779738413
10.6860528,10.523076,13.468586,15.753813,18.837455,-40.2752615260474,-0.496852565688462
10.7160896,10.638886,13.428898,16.000121,18.992974,-41.1521971877292,-1.06718449455997
10.7522592,10.638886,13.319755,16.305542,19.041573,-42.6776433416734,-1.81674557648239
10.798544,10.667839,13.151080,16.335099,18.847175,-42.8000793570571,-2.57756298810295
10.8372944,10.658188,12.942717,16.561701,18.808296,-44.311082026082,-3.46996665526919
10.87228,10.658188,12.783964,16.601110,18.740256,-44.9280584560153,-3.95829435067443
10.9085728,10.571330,12.724431,16.620815,18.915215,-46.1471692664996,-3.61129209951764
10.9385568,10.523076,12.694665,16.388324,19.148492,-46.4967723220617,-2.66037282691362
10.971096,10.609934,12.635133,16.427367,19.129052,-46.4321102261862,-3.06520155622575
11.009808,10.600283,12.516068,16.349282,19.129052,-46.7791655821334,-3.09381082238836
11.0398432,10.609934,12.426769,16.466409,19.080453,-47.3354297894821,-3.60712087960902
11.0710528,10.600283,12.387081,16.476170,19.099893,-47.6416768427324,-3.64378531531625
11.1023184,10.638886,12.397003,16.524973,19.099893,-47.5654854612175,-3.80861203606932
11.1423504,10.629235,12.387081,16.564016,19.070733,-47.6818924019133,-3.94031243357597
11.1722912,10.677490,12.367237,16.690904,19.080453,-47.9494803506859,-4.32266100512555
11.2035952,10.619584,12.248172,16.622579,19.119333,-48.6594144788839,-4.20525510929425
11.2448432,10.677490,12.188640,16.612819,19.041573,-48.4140940508924,-4.55426795252183
11.2748848,10.600283,12.218406,16.534734,19.119333,-48.6271897647086,-4.0356024661113
11.3081824,10.609934,12.248172,16.593297,19.206812,-48.8704751394748,-3.9662192844349
11.3460752,10.609934,12.347393,16.417606,19.274851,-48.1136919474058,-3.29842302919609
11.3898816,10.600283,12.704587,16.541997,19.333170,-47.0894617709347,-2.79905486079099
11.4276032,10.494123,12.635133,16.413917,19.304011,-47.4171716727753,-2.48297885449579
11.4598416,10.513425,12.823652,16.187314,19.381770,-46.0599392909896,-1.57622749876383
11.4985568,10.465170,13.081626,15.921302,19.342890,-44.2382624224173,-0.52511505305889
11.5298368,10.455520,13.270145,15.753813,19.508129,-43.4443553089989,0.465858169923511
11.5598432,10.426567,13.389210,15.537063,19.585888,-42.6379028835288,1.33232776767763
11.5997712,10.436218,13.508275,15.566620,19.498409,-41.9033180089862,1.3013328666536
11.6310784,10.474821,13.617417,15.418835,19.391490,-40.4981759603287,1.54151477752396
11.6610864,10.523076,13.825781,15.300608,19.381770,-39.0018946146974,2.03024575325724
11.6935712,10.445869,13.875391,15.162676,19.304011,-38.4660332940293,2.45186394833297
11.7323504,10.416916,14.034144,15.152824,19.342890,-37.9952418427768,2.86956460190685
11.7635536,10.455520,14.004378,15.083858,19.440089,-38.0432476848879,3.04908750787622
11.7935712,10.436218,14.034144,14.985335,19.459529,-37.7572050410603,3.39008394637285
11.8348096,10.426567,14.153209,14.985335,19.430369,-37.198809152547,3.56121326550453
11.8651456,10.455520,14.143287,14.906516,19.352610,-36.6372142355026,3.52487090072412
11.8963808,10.445869,14.143287,14.916369,19.372050,-36.7685583527401,3.55686517404759
11.92736,10.455520,14.153209,14.945925,19.342890,-36.6859776806992,3.43838778267036
11.9760544,10.416916,14.083755,15.005039,19.440089,-37.627846868591,3.43955277709524
12.0185552,10.330058,14.163131,14.867107,19.449809,-37.2676696450637,4.0841565948413
12.0785136,10.281804,14.163131,14.876959,19.517849,-37.7136062691438,4.28216623130298
12.10984,10.252851,14.302040,14.729175,19.615048,-37.086587336556,5.06458927984164
12.1414656,10.281804,14.302040,14.788289,19.644207,-37.2327293345714,4.91644963951556
12.1750112,10.165993,14.371494,14.748880,19.634487,-37.2810904361192,5.36012877109672
12.211104,10.233549,14.411183,14.788289,19.673367,-37.0614678857061,5.25014512877062
12.2413632,10.165993,14.480637,14.670061,19.683087,-36.7213073687671,5.79368425396032
12.282328,10.185295,14.391339,14.620800,19.605328,-36.6306948321506,5.58828000912131
12.3222768,10.165993,14.550092,14.532129,19.595608,-35.730828954149,6.07375198940959
12.3547872,10.165993,14.589780,14.551834,19.595608,-35.6224630075335,6.09397274732017
12.384808,10.185295,14.659234,14.532129,19.585888,-35.1537889984116,6.19180619057685
12.4338352,10.262502,14.639390,14.492720,19.449809,-34.3654397657327,5.85348766055369
12.4636528,10.320407,14.748533,14.522277,19.284571,-33.2345120611025,5.56588587970556
12.4948288,10.320407,14.788221,14.492720,19.255411,-32.8829254895685,5.6492807530967
12.5310784,10.368662,14.857676,14.463163,19.187372,-32.0803570191334,5.60971042184648
12.5760896,10.407265,14.897364,14.394197,19.167932,-31.4725992295964,5.71078746390706
12.6060352,10.436218,14.867598,14.453311,19.148492,-31.6013709622701,5.433289107732
12.6373984,10.436218,14.927130,14.423754,19.051293,-30.9507545257782,5.43775609247377
12.699768,10.552028,14.837832,14.482868,19.070733,-31.0887013646183,4.9328405023322
12.73736,10.619584,14.907286,14.492720,18.963814,-30.2092087296679,4.69919787777873
12.7822736,10.600283,14.966819,14.413902,18.886055,-29.5429178673195,4.8873746602348
12.8123408,10.629235,15.006507,14.443459,18.856895,-29.2589120479459,4.77451457124117
12.839808,10.619584,14.996585,14.354788,18.866615,-29.0875711545569,4.99309744963065
12.8698752,10.648537,15.075961,14.394197,18.818015,-28.6087979681149,4.89142776390046
12.9210272,10.658188,15.105727,14.335083,18.847175,-28.3495931450751,5.09829966027787
12.9511232,10.667839,15.155338,14.335083,18.808296,-27.9798443047973,5.09439807439985
12.9811232,10.677490,15.224792,14.266117,18.856895,-27.5882433476774,5.41972482899286
13.0223264,10.687141,15.244636,14.256265,18.749976,-27.0901755597868,5.27782619546617
13.0523888,10.716093,15.254558,14.285822,18.681937,-26.8058445420856,5.05212755828604
13.08364,10.638886,15.115650,14.216856,18.672217,-27.4424150519994,5.13422770785566
13.1198144,10.696791,15.145416,14.275970,18.672217,-27.2714865191736,4.92168388480533
13.1535456,10.696791,15.185104,14.266117,18.720816,-27.2331596461749,5.08888137511807
13.1848464,10.706442,15.274403,14.256265,18.759696,-26.9198854461549,5.29938341841238
13.2160928,10.696791,15.214870,14.285822,18.691657,-27.0799540392497,5.04593739158649
13.2560528,10.764348,15.075961,14.325231,18.633337,-27.3129270499592,4.48268241872347
13.2873072,10.812602,15.155338,14.315379,18.613897,-26.6923328561998,4.49646078816717
13.3297888,10.841555,15.175182,14.325231,18.536138,-26.2715085019862,4.31461985052206
13.3685488,10.870507,15.145416,14.335083,18.516698,-26.2436871001859,4.14710573578905
13.39856,10.860856,15.234714,14.354788,18.536138,-26.0443963088957,4.30484801668536
13.4335936,10.938063,15.175182,14.374493,18.545858,-26.0675888365294,4.00831698676863
13.4736608,10.899460,15.145416,14.354788,18.438939,-25.9359734966546,3.91027332944617
13.514776,10.976667,15.155338,14.374493,18.322300,-25.2627279194721,3.51836688813318
13.5435872,10.967016,15.165260,14.492720,18.254261,-25.4255687879696,3.18212417301339
13.584872,11.102128,15.125572,14.423754,18.157062,-24.4918018268277,2.80708319741893
13.64508,11.102128,15.135494,14.463163,18.205662,-24.7399119995979,2.8190732012879
13.6773456,11.160034,15.095805,14.571538,18.089023,-24.6386104045671,2.19230293936416
13.709832,11.150383,15.115650,14.581391,18.020983,-24.4063163514127,2.11033937281393
13.7461184,11.227590,15.155338,14.581391,18.079303,-24.1223783925677,2.10794715034012
13.7798304,11.227590,15.145416,14.630652,17.982104,-24.0054268040881,1.81977485192884
13.8074256,11.227590,15.125572,14.620800,17.952944,-23.9578779541848,1.75806448383643
13.8585728,11.256542,14.976741,14.581391,17.904344,-24.1562971825044,1.44458451118588
13.88984,11.295146,14.996585,14.650357,17.875185,-24.0491703911552,1.1951948146951
13.9200928,11.362702,14.986663,14.679914,17.914064,-24.0397700086146,1.03466503955456
13.98988,11.353051,14.937052,14.679914,17.904344,-24.2488233947388,0.954010548100333
14.0335904,11.430258,14.847754,14.857255,17.768266,-24.4334641764782,0.018649298143977
14.0673312,11.430258,14.817987,14.896664,17.787706,-24.7474953174559,-0.0836040784486869
14.1061136,11.401306,14.857676,14.817846,17.904344,-24.8274496817465,0.416851081022388
14.1360432,11.449560,14.808065,14.768584,17.816865,-24.3850095498246,0.182889822308464
14.1661152,11.526767,14.857676,14.857255,17.797426,-24.0965254887623,-0.120366806122325
14.2185632,11.517116,14.768377,14.837550,17.797426,-24.4340104836388,-0.211960442643917
14.24736,11.671530,14.659234,14.955778,17.583588,-23.9358556861251,-1.35508657899588
14.2936416,11.806642,14.510403,15.034596,17.573868,-24.2186779518894,-2.08592637174808
14.3385472,11.951406,14.302040,15.162676,17.466949,-24.5469859395274,-3.21724994285112
14.368688,12.067216,14.262352,15.142971,17.515548,-24.3319134129884,-3.40180618309213
14.3998912,12.047914,14.262352,15.182380,17.515548,-24.5394073823857,-3.44366042738406
14.4498576,12.018962,14.341728,15.162676,17.476669,-24.14264475586,-3.27018145861808
14.4823392,11.970707,14.292118,15.162676,17.544708,-24.7633885149075,-3.13673923006676
14.5123024,11.835595,14.411183,15.142971,17.603027,-24.9549449296082,-2.49825885651801
14.553656,11.768039,14.331806,14.995187,17.573868,-24.9758684886832,-2.23700705680694
14.582376,11.758388,14.391339,15.044448,17.632187,-25.1243199760237,-2.11212960025121
14.6323136,11.758388,14.431027,15.044448,17.680787,-25.1210697448545,-1.95645384964884
14.6723024,11.796992,14.460793,15.064153,17.690507,-24.9383887691069,-2.00983809652295
14.704824,11.883849,14.351650,15.093710,17.612747,-24.8716949066574,-2.58426363731012
14.7348672,11.961056,14.341728,15.093710,17.554428,-24.4067921600567,-2.86700058748171
14.7673824,11.893500,14.361572,15.133119,17.583588,-24.8254461676865,-2.72116938753036
14.814832,11.912802,14.361572,15.074005,17.573868,-24.5215489505724,-2.65495576492755
14.846088,11.903151,14.371494,15.123267,17.573868,-24.6817343665362,-2.72038934405908
14.877384,11.883849,14.302040,15.182380,17.554428,-25.1732668413029,-2.96148139391582
14.9260496,11.912802,14.361572,15.093710,17.544708,-24.4905605641498,-2.7479746574107
14.9590128,11.961056,14.292118,15.192233,17.418349,-24.4856369590819,-3.40356300805146
14.988568,12.038263,14.242508,15.221790,17.398909,-24.4064169061085,-3.74949076869015
15.0410864,12.134772,14.173053,15.241494,17.330870,-24.1376367365707,-4.23763732109276
