0.0362672,8.364908,20.762832,9.261841,18.895775,-1.75816844812114,6.90508885628709
0.0786352,8.403522,20.841293,9.360365,19.099893,-2.48105072971846,6.87351492394789
0.114936,8.451791,21.057060,9.429331,19.342890,-2.68818711386895,7.10855342877247
0.15116,8.519367,20.998214,9.419479,19.313731,-2.50932124354386,6.84625300958869
0.1861712,8.451791,20.939369,9.478593,19.274851,-3.05006634499677,6.75120332519219
0.2186896,8.451791,20.841293,9.468741,19.206812,-3.11824135981667,6.57652483741264
0.2473968,8.480752,20.733410,9.389922,19.109613,-2.74382087114594,6.46213787038738
0.2886192,8.451791,20.762832,9.429331,19.099893,-2.85480514163751,6.45774597808282
0.3186864,8.451791,20.762832,9.399774,19.002694,-2.372857147891,6.41938304645857
0.3486752,8.471098,20.860908,9.429331,19.090173,-2.38392490735704,6.51304762129595
0.379912,8.422830,20.811870,9.468741,19.119333,-3.00348445864111,6.51291776167889
0.4186688,8.490406,20.811870,9.439184,19.245691,-3.11946517846269,6.56341590134665
0.4499264,8.451791,20.733410,9.508150,19.226251,-3.73952538035349,6.36171858363402
0.479936,8.519367,20.635334,9.547560,19.274851,-4.18373714097301,6.01111835493661
0.5211344,8.509713,20.654949,9.498298,19.274851,-3.96159181746502,6.19477140593422
0.5511472,8.509713,20.468605,9.586969,19.323451,-5.17064923337671,5.78545727042149
0.5824224,8.577289,20.507835,9.577117,19.304011,-4.66267131201963,5.65372386331381
0.6161968,8.509713,20.527450,9.636231,19.342890,-5.20798793541899,5.74855855459263
0.6536224,8.509713,20.615719,9.606674,19.235971,-4.3684298028062,5.80550722996411
0.6974496,8.577289,20.684372,9.547560,19.158212,-3.34842075898304,5.77143358348383
0.7399712,8.529020,20.870716,9.498298,19.051293,-2.24842359377081,6.13289035948579
0.7761632,8.538674,20.988406,9.458888,19.138772,-1.96272982481037,6.46366345282862
0.8073584,8.548328,21.037444,9.380069,19.109613,-1.33846049401823,6.67528726904382
0.840032,8.529020,21.076675,9.399774,19.158212,-1.52474612734347,6.78049586825032
0.8786688,8.490406,21.047252,9.399774,19.070733,-1.44172985474542,6.743852544467
0.9086848,8.461445,20.919753,9.311103,19.002694,-1.41916847314473,6.82703098529869
0.9398624,8.451791,20.939369,9.360365,19.090173,-1.90385974357761,6.84903613632954
0.9711808,8.471098,20.929561,9.350512,19.090173,-1.83140328395315,6.8113383305552
1.0111952,8.432484,20.958984,9.330808,19.129052,-1.93818204062246,7.05330555195204
1.0411104,8.490406,20.900138,9.429331,19.129052,-2.3155931555949,6.55568000871462
1.0736128,8.509713,20.939369,9.419479,19.197092,-2.32053535283434,6.66028497897213
1.1123456,8.451791,20.900138,9.449036,19.197092,-2.78990929181383,6.68974219349447
1.1439696,8.451791,20.703987,9.409626,19.235971,-3.51366201554202,6.60574192027955
1.1736144,8.451791,20.664756,9.508150,19.265131,-4.14081608191829,6.32535718198287
1.2074848,8.461445,20.625526,9.518002,19.235971,-4.17816929090268,6.18868565056398
1.2461904,8.509713,20.615719,9.537707,19.235971,-4.10928761921931,5.99221373080883
1.2761776,8.490406,20.556873,9.586969,19.265131,-4.69476370356826,5.87458683175148
1.3098704,8.529020,20.537258,9.626379,19.235971,-4.66243113022129,5.60343661011377
1.3537024,8.596596,20.419567,9.646083,19.206812,-4.81376481594787,5.18599981051268
1.4012208,8.577289,20.272453,9.695345,19.265131,-5.8392850567035,4.99470626516261
1.4412048,8.712440,20.252838,9.813573,19.235971,-5.7390506624553,4.25307671538096
1.4899392,8.780016,20.095917,9.852983,19.284571,-6.40092556733799,3.83093469426034
1.5211568,8.857245,19.978226,9.941654,19.197092,-6.55713924748256,3.12888035547821
1.55116,8.876552,19.742844,9.971211,19.061013,-6.97488235167278,2.52193711935886
1.6023872,8.915167,19.723229,10.069735,19.070733,-7.3058696339247,2.14493106935041
1.63368,8.992397,19.840920,10.030326,19.167932,-6.78607980597871,2.32257671473241
1.6637024,8.973089,19.791882,10.059883,19.148492,-7.08046359066086,2.20719954372715
1.7061984,9.108241,19.752652,10.089440,19.187372,-6.97343272444116,1.77287284747183
1.734936,9.069626,19.634961,10.089440,19.080453,-7.16522550276409,1.58257308832757
1.7661552,9.146855,19.615346,10.138702,19.022133,-6.91456582506039,1.14794417805821
1.7974176,9.108241,19.556500,10.118997,19.022133,-7.20880274629997,1.22410426746622
1.8361456,9.146855,19.497655,10.079587,19.022133,-7.13874141829932,1.14891817457738
1.8661696,9.166163,19.634961,10.118997,19.070733,-6.87538644119592,1.23828278762534
1.8974048,9.185470,19.723229,10.050030,19.080453,-6.25189174482473,1.49650012173916
1.9386672,9.108241,19.899765,10.059883,19.090173,-5.95337909257107,1.9151006731463
1.971176,8.982743,19.988034,10.000768,19.109613,-5.94496603972481,2.54030375804597
2.0099856,8.857245,20.125340,9.882540,19.158212,-5.64162143682042,3.42375420562519
2.044952,8.770362,20.203800,9.774164,19.158212,-5.26835437632101,4.04403598966515
2.08116,8.722094,20.321491,9.744607,19.070733,-4.57052308401935,4.29062898949233
2.1137008,8.712440,20.468605,9.715050,19.109613,-4.09442512618104,4.6288966280126
2.142424,8.673825,20.409759,9.665788,19.090173,-4.19825020273117,4.76721759851113
2.1923664,8.693133,20.390144,9.665788,19.022133,-3.94297262356465,4.60549100532784
2.2236768,8.751055,20.399952,9.596821,19.022133,-3.43065521549976,4.64752892713287
2.2549232,8.731747,20.468605,9.655936,19.138772,-3.91028272281081,4.77209451026609
2.3049152,8.799323,20.409759,9.734755,19.109613,-4.06444309762066,4.26984913605456
2.3349216,8.857245,20.321491,9.734755,19.041573,-3.92132545920101,3.91840781422128
2.3661888,8.876552,20.321491,9.754459,19.080453,-4.06987145628565,3.86330870882345
2.4061136,8.895860,20.311684,9.754459,19.041573,-3.88860782539987,3.75033967122065
2.4374224,8.866899,20.331299,9.715050,19.061013,-3.84815747422808,3.98215521383802
2.4711632,8.905513,20.282261,9.744607,19.051293,-3.96139994202187,3.72595886653338
2.4986672,8.866899,20.193993,9.695345,19.061013,-4.28424141047076,3.86140460447554
2.5498912,8.828284,20.144955,9.774164,19.090173,-5.01693704660879,3.72864125968268
2.5800384,8.895860,20.105725,9.813573,19.080453,-5.02237214124292,3.38082926728942
2.6149328,8.895860,20.115532,9.774164,19.119333,-4.98378608484423,3.54780898794549
2.667392,8.944128,19.997841,9.872688,19.167932,-5.7929325142209,3.0691036860286
2.7024176,9.011704,19.850728,9.951507,19.167932,-6.38422990152229,2.49252379792279
2.7336976,9.059972,19.811497,10.020473,19.051293,-6.17297634907731,1.9814985644003
2.783616,9.079280,19.615346,10.138702,19.070733,-7.3494267422693,1.38914875694024
2.814912,9.204777,19.429002,10.197816,18.973534,-7.43797012419219,0.531477319338407
2.8449072,9.272353,19.399579,10.118997,18.983254,-7.03713788832009,0.534855523768563
2.8848832,9.291660,19.399579,10.256930,19.041573,-7.69175432233864,0.201091489810821
2.916192,9.253046,19.556500,10.168259,19.041573,-6.91825602392616,0.740548573474186
2.946576,9.166163,19.605538,10.168259,19.061013,-7.13255744233036,1.05786452705735
2.9773808,9.117894,19.674191,10.168259,19.070733,-7.09188372396144,1.28693533133044
3.0161952,9.137202,19.654576,10.089440,18.924934,-6.25826947019826,1.2268235178058
3.0474096,9.166163,19.634961,10.099292,18.963814,-6.4047965435398,1.15000276297982
3.077368,9.175816,19.644768,10.010621,18.963814,-6.00090607673908,1.37082152835779
3.119872,9.204777,19.654576,10.109145,18.934654,-6.1142259288996,1.01018569314373
3.148672,9.291660,19.566308,10.109145,18.905495,-6.01068588881351,0.627754442385708
3.1786896,9.388197,19.595731,10.148554,18.847175,-5.46865143803765,0.234278381797253
3.2111376,9.417158,19.576115,10.148554,18.895775,-5.61503693497249,0.197209899295181
3.269912,9.368890,19.634961,10.109145,18.895775,-5.428572031929,0.503618474106673
3.3011456,9.272353,19.742844,9.990916,18.934654,-5.0896865887163,1.25887929695679
3.3337248,9.282007,19.831112,9.981064,18.895775,-4.54245244661653,1.32395940522969
3.3824928,9.175816,20.105725,9.961359,18.934654,-3.9898946749779,2.06156483775903
3.4136336,9.079280,20.135147,9.862835,18.963814,-3.97812854203747,2.65145776241687
3.4436432,8.944128,20.115532,9.823426,18.915215,-4.22211241420957,3.02750855629576
3.4961584,8.915167,20.066494,9.793869,18.934654,-4.47493453856022,3.14566090303665
3.5261856,8.837938,20.174378,9.813573,19.051293,-4.87302569761154,3.58554546024312
3.5573504,8.876552,20.243031,9.793869,19.041573,-4.3631309535929,3.60984146568741
3.6073632,8.876552,20.213608,9.823426,18.992974,-4.40105227481357,3.43198883127345
3.63864,8.905513,20.174378,9.784016,19.002694,-4.32768717258516,3.4223134925542
3.6686592,8.944128,20.193993,9.882540,18.924934,-4.18920187621732,2.98309939297847
3.7111856,9.002050,20.135147,9.823426,18.954094,-4.08001767317414,2.94829730255228
3.7411984,8.982743,20.076302,9.833278,18.915215,-4.26150909084492,2.84817793206776
3.7711536,8.973089,20.095917,9.823426,18.886055,-4.07741697249986,2.88783722576326
3.8036928,9.021358,20.066494,9.882540,18.954094,-4.48562681949342,2.65211610437412
3.8424208,9.002050,20.027264,9.892392,19.002694,-4.92288910423629,2.68922229359812
3.8736752,9.011704,19.968419,9.912097,19.041573,-5.32573251064552,2.58573905817594
3.9248944,9.098587,20.007649,9.912097,19.012414,-4.74660782914996,2.36880747447601
3.9636528,9.002050,19.919381,9.912097,19.070733,-5.65415187806404,2.5857675487548
3.9965744,8.992397,19.870343,9.981064,19.041573,-6.02262562832916,2.32784782160589
4.0248832,9.002050,20.007649,9.951507,19.119333,-5.65248894703029,2.65709784163908
4.0673792,8.982743,19.968419,9.981064,19.080453,-5.83642361368417,2.5297809020877
4.0974112,9.002050,19.919381,9.902245,19.099893,-5.72624012028373,2.64937302736884
4.126128,8.944128,19.870343,9.931802,18.992974,-5.83818450653899,2.52383531904197
4.1598736,9.040665,19.821305,9.941654,19.012414,-5.76945781037657,2.20328517000615
4.197424,8.992397,19.782075,9.951507,19.031853,-6.20758528492714,2.27949388594073
4.2301952,9.021358,19.840920,10.010621,19.031853,-6.09832107598346,2.12243906623634
4.2599024,9.117894,19.782075,10.050030,19.031853,-6.10384080392317,1.68751116565928
4.303672,9.175816,19.693806,10.069735,19.002694,-6.18236708472172,1.3302775400335
4.3324608,9.253046,19.605538,10.128849,18.983254,-6.37138861399756,0.831443567156377
4.3624928,9.330275,19.527078,10.128849,18.954094,-6.26752751332983,0.48755537209756
4.39664,9.368890,19.585923,10.128849,18.944374,-5.86636897094514,0.45161432192603
4.443624,9.301314,19.585923,10.079587,18.876335,-5.68166458090872,0.66729550886636
4.4737008,9.243392,19.644768,10.079587,18.934654,-5.89600811100831,0.973534922179873
4.5048656,9.214431,19.742844,10.109145,18.983254,-5.92853437907775,1.16422641773814
4.5573648,9.088933,19.713422,10.030326,18.963814,-6.14299124794605,1.63776295982304
4.596216,9.079280,19.801690,10.020473,19.051293,-6.13736440323534,1.91784603429131
4.6287328,9.050319,19.742844,10.079587,19.080453,-6.79515500997512,1.79982320170578
4.6786448,9.021358,19.733037,10.020473,19.051293,-6.61281917643892,1.98174429889167
4.7086752,9.059972,19.880150,10.050030,19.099893,-6.20650456545645,2.05523507941619
4.7386736,9.040665,19.811497,10.069735,19.138772,-6.75334471174862,2.01572516351489
4.7898848,8.934475,19.899765,10.099292,19.148492,-6.96606553335467,2.34413944826279
4.821112,8.905513,19.889958,10.010621,19.061013,-6.45779962452454,2.53011941514913
4.851168,8.828284,19.762459,10.030326,19.109613,-7.48415877127153,2.58118178965391
4.8914512,8.722094,19.840920,9.931802,19.129052,-7.29503287498091,3.25311450514233
4.9324464,8.702786,20.037072,9.912097,19.342890,-7.34760944794387,3.87861421919379
4.9624496,8.664172,20.125340,9.833278,19.323451,-6.79658954338268,4.27929295092803
5.0087024,8.625557,20.223416,9.803721,19.362330,-6.60785620611297,4.63350028864971
5.0486048,8.596596,20.252838,9.774164,19.401210,-6.64071779196271,4.87565149818951
5.0761216,8.596596,20.164570,9.715050,19.362330,-6.60822942753609,4.87621643006554
5.1111712,8.654518,20.125340,9.774164,19.342890,-6.68549885798931,4.4880934031295
5.151144,8.673825,20.144955,9.724902,19.430369,-6.68118759868273,4.70246298523417
5.1936912,8.712440,20.105725,9.744607,19.469249,-6.90078962161442,4.54561330424951
5.2324336,8.673825,20.056687,9.764312,19.634487,-7.91358926989017,4.74115180741933
5.269944,8.432484,19.791882,9.784016,19.974684,-11.1535585368774,5.43026439359965
5.2999072,8.413176,19.507462,9.803721,20.227402,-13.3090697822239,5.39000699421124
5.3324448,8.306986,19.174005,9.882540,20.489839,-16.2447944502791,5.37598673004099
5.3812112,8.249064,18.919008,9.981064,20.761996,-18.7896317979912,5.28763562616489
5.4111296,8.249064,18.683626,10.118997,20.946675,-20.8524434423703,4.85334725574733
5.4414688,8.316639,18.487474,10.079587,20.907795,-21.0960529955702,4.48375818359114
5.4862288,8.335947,18.359976,10.079587,20.898075,-21.4977423310777,4.25905014098454
5.5138176,8.355254,17.967673,10.306192,21.170232,-24.7281253030558,3.44741661670287
5.549872,8.335947,17.712676,10.385011,21.345191,-26.7137299892166,3.18642627931326
5.5886384,8.345600,17.320373,10.503239,21.724267,-29.9622675975989,2.82909729207586
5.624872,8.229756,16.476921,10.808663,22.132503,-36.3497071559303,1.76300192888318
5.6561152,8.162181,16.984775,11.005710,22.249142,-35.4811804844453,2.22963736069227
5.686176,8.316639,16.806164,11.183053,22.151943,-35.8386535972021,1.00720332977291
5.7362416,8.780016,16.657322,11.764342,21.976985,-35.804007615753,-2.09120040380998
5.767408,9.436466,16.300100,12.335779,20.849476,-32.7937538317262,-7.18757977831707
5.7977648,10.363218,15.992492,13.005740,18.886055,-26.0016430421853,-14.4129649756719
5.8573568,12.178109,16.607707,13.252050,15.738444,-6.19155190248455,-23.2930005903357
5.8999008,14.118497,16.859417,12.414598,12.798208,16.7880844862001,-30.6000739921135
5.9302368,14.514298,17.300758,12.207699,12.202346,23.0891019618899,-31.3002597375354
5.9824224,16.329188,18.948431,11.764342,10.981317,41.3354267577575,-33.3314633429194
6.0125072,17.482256,19.144582,12.582089,9.828667,46.7079914972478,-39.04600860797
6.0423968,18.855830,19.448617,12.660908,8.402506,57.4492298847416,-43.9779604260607
6.0923888,21.247580,20.203800,11.212610,6.282801,82.5609932272222,-48.4917386340472
6.1236368,22.976555,20.105725,9.912097,5.257137,98.3182010847833,-51.667335396661
6.1536272,24.523027,20.223416,8.552470,4.573361,112.86802351413,-53.2470140143332
6.1948976,25.166590,20.066494,7.202696,4.006804,125.081592639594,-53.6949674729269
6.2261376,25.819759,19.978226,6.779044,3.782135,129.935272124931,-54.8170129250204
6.256136,25.915813,19.762459,6.916978,3.723526,129.267211690397,-55.8588588800018
6.287424,25.723704,20.478413,6.877568,4.094718,127.97879051697,-52.9464387079671
6.3273744,25.762126,20.782447,7.015501,4.094718,127.635258143851,-52.5606031022569
6.3598592,26.002261,20.625526,7.084468,4.133791,127.102415276556,-53.3503662456432
6.3898928,26.319240,20.399952,7.212549,4.075182,126.816727177301,-54.7380204689277
6.43,26.799511,20.223416,7.291367,3.928658,127.661526590303,-56.3925379499219
6.4711648,28.480459,20.154762,7.094320,3.332797,134.631752209687,-60.2694507430098
6.5011936,29.143233,18.301130,7.064763,2.883458,136.020775966208,-66.780417561226
6.5436112,29.162444,18.222670,7.222401,3.069054,133.813535662003,-66.7712773955698
6.5724336,28.730200,19.379964,7.133730,3.352333,133.58808646666,-62.4869579351494
6.602416,28.163481,20.046879,6.621407,3.283955,137.274013902011,-59.4074417744849
6.6362064,27.961767,20.713794,6.345540,3.274187,139.622952139374,-57.1192045600193
6.673624,27.894529,19.026891,6.128788,2.863922,141.435713107553,-61.6753752750625
6.7037152,28.096243,18.850355,6.197755,2.815081,141.336365435291,-62.6659138016301
6.7349344,28.029005,19.723229,6.217459,3.098359,140.392270154219,-59.7616368841307
6.7761152,27.529523,20.272453,5.941593,3.166737,141.775018166617,-57.0346066410912
6.8073824,27.404653,20.556873,5.813512,3.176505,142.724721241851,-55.9248467902751
6.836192,27.039647,20.321491,5.833217,3.303492,141.051596697896,-55.5992844872541
6.8687024,26.818722,20.115532,5.990855,3.450015,138.562993362893,-55.6321181772172
6.9174272,27.145306,19.625153,6.444064,3.508625,135.100892429235,-57.9523796301976
6.9486928,27.414258,19.144582,6.522883,3.283955,135.739482523028,-60.2153678575815
6.9899328,27.769658,19.075929,6.296278,3.059286,138.995763658806,-61.1397444976322
7.038664,28.413221,18.634588,6.010560,2.746703,143.126488851712,-63.5826584189538
7.0699248,28.480459,18.526705,5.744546,2.629484,145.602738604192,-63.8407745049463
7.1186656,28.701384,18.987661,5.803660,2.629484,146.011105987535,-63.1180915390974
7.163704,30.612862,18.065749,5.951446,2.238755,148.715101722664,-69.5337586867096
7.1923856,32.716449,16.657322,6.276574,1.721039,150.714897826403,-77.9015653641569
7.2261488,33.955548,15.208589,6.680521,1.369383,150.153160795958,-84.8753197440224
7.2736592,35.281095,14.593374,6.907125,1.271701,150.07230382437,-88.6302310075618
7.3049616,35.444388,14.315535,6.522883,1.056800,153.837445147472,-89.8139760994641
7.334912,35.271490,14.255998,6.384950,0.988422,154.966068825194,-89.8552082302374
7.376136,35.031355,14.295689,6.069674,1.037263,156.546143901799,-88.9921788924204
7.4061264,34.772008,16.200872,5.912036,1.349847,157.080257167608,-82.2247842065467
7.4361664,35.117803,17.232105,5.882479,1.633125,156.71596041747,-79.0902125336486
7.4687152,35.492415,18.193247,5.705136,1.730808,158.397419658702,-76.6170594346833
7.507376,33.801861,17.379218,5.380008,1.691735,158.510328813385,-76.2959293553358
7.53868,31.765512,17.418449,5.173109,1.769880,157.512658008974,-72.9919253300468
7.5686912,32.264994,18.536512,5.517941,2.023854,155.103309028679,-70.5912022782176
7.609888,32.361048,18.850355,5.695284,2.228987,153.052751553607,-69.6668719758474
7.6412208,31.141160,18.752279,5.340599,2.248524,153.908687948002,-67.641123039415
7.6711824,30.776154,19.350541,5.261780,2.336438,154.080472686831,-65.2806034440743
7.703672,31.006684,19.733037,5.242075,2.395047,154.428402099157,-64.5144001891203
7.7599328,30.958657,19.938996,5.222370,2.307133,155.274738375729,-64.1281762207698
7.7961632,30.334305,18.830740,4.916947,2.111768,156.9157771267,-65.9672104992326
7.827384,29.902061,17.575370,5.025323,2.062927,154.827380750237,-68.8814802843394
7.8649264,26.857144,17.222297,5.941593,3.069054,137.585042103835,-63.7961597410531
7.8986912,29.642715,22.420313,7.557381,4.563593,129.304542010173,-55.0845537720096
7.9261696,28.470854,20.233223,7.281515,3.967731,129.830150222492,-58.903908190279
7.9673792,27.721631,18.703241,7.104173,3.791903,128.766924198464,-61.462369678521
8.0011984,27.356625,18.860162,7.232253,3.967731,126.612407683442,-60.2903636793557
8.0286432,26.396084,19.478040,7.281515,4.446374,122.915716354104,-56.2416364947329
8.0625024,25.781337,20.498028,7.350482,4.817567,120.930022450534,-52.1844531856349
8.1024432,25.233828,20.380337,7.025354,4.631971,122.940438543019,-51.3641754085886
8.1299696,24.993693,21.027637,6.621407,4.534288,126.593651538442,-49.0079986136583
8.1625216,24.446184,21.557246,6.503178,4.768726,125.860121826245,-46.1414620928121
8.2011552,23.677750,21.822051,6.453916,5.071541,123.561161646099,-43.4124149848613
8.231184,22.697998,21.753397,6.394802,5.276674,121.027475029182,-41.1290659732817
8.26428,22.515495,22.018202,6.542588,5.452502,119.195260730725,-40.1403543817789
8.2936512,23.437615,22.371275,6.729783,5.345051,120.749453998433,-41.7664337700137
8.3336432,25.003298,21.135520,6.976092,4.739421,123.392834800945,-48.9677418985578
8.3675024,25.454753,19.889958,7.212549,4.397533,122.809526396679,-53.7120559679757
8.4148896,26.396084,19.536885,7.547529,4.387765,121.769429097693,-56.6764063866519
8.45744,26.376873,18.987661,7.724872,4.426838,119.593602418464,-58.1217752669216
8.4874352,26.665035,18.664011,7.724872,4.260778,120.526452106228,-59.7434668570195
8.5287168,26.520954,18.820932,7.793838,4.446374,119.032712322161,-58.8107461399441
8.57996,26.626614,18.968046,7.843100,4.514752,118.742059094777,-58.5518017215428
8.6098656,26.693852,18.006903,7.902214,4.260778,118.457958557908,-61.6549829469596
8.6436736,26.520954,18.124594,7.921919,4.299851,118.016228962387,-61.0320712910919
8.692392,26.223186,17.800944,7.892362,4.377997,116.695567937846,-61.1115384804289
8.721184,26.857144,17.183067,8.217490,4.182632,115.943926083516,-64.6288803466176
8.7524528,27.154912,16.751533,8.316014,4.094718,115.654317007075,-66.5431169757595
8.7924096,27.510312,16.614227,8.414537,4.036109,115.783995345345,-67.7175475073881
8.8224336,27.856107,17.192874,8.532766,4.192400,115.704091653202,-66.5442462020312
8.853672,27.644788,17.330180,8.522913,4.251010,115.296802671782,-65.7338374590624
8.884968,27.347020,17.408641,8.424390,4.280315,115.337477168347,-64.8783876465323
8.926264,27.145306,17.428256,8.444094,4.319387,114.687684087633,-64.4599151985895
8.9549376,26.818722,17.908827,8.266752,4.475679,115.069248243366,-62.1333348031033
8.9861872,26.549770,18.418821,8.158376,4.602666,115.361468833752,-60.0170396586215
9.0286352,26.511349,18.565935,8.148523,4.661275,115.257098156575,-59.4540598996806
9.077392,26.684246,18.664011,8.207638,4.719885,115.021493886069,-59.4512414387732
9.108632,26.367267,18.771894,8.197785,4.788262,114.336691532296,-58.5228517503952
9.1486912,26.520954,18.261900,8.286457,4.631971,114.133392380582,-60.4766264576856
9.17864,26.722668,17.742099,8.365276,4.475679,114.049617811406,-62.5421419411218
9.209952,26.290424,18.418821,8.237195,4.612434,114.411098063805,-59.7086088056037
9.2412208,25.291461,19.399579,7.912067,4.964090,114.225538018576,-54.4446542229873
9.2811712,23.639329,20.723602,7.350482,5.413429,114.32976859854,-46.6231426412832
9.3123936,23.283928,21.410132,7.242106,5.686939,113.922089306596,-43.7228999704548
9.3424,23.130241,21.576861,7.212549,5.726012,113.888630313823,-42.9508693932634
9.3836528,22.611549,21.488593,7.084468,5.647866,114.069249664869,-42.073337703058
9.4149632,23.149452,21.213981,7.261810,5.618561,113.646514739829,-44.066089874429
9.4449248,23.322350,20.723602,7.360334,5.481806,113.328302778418,-45.9112992696625
9.474944,22.794052,20.576488,7.212549,5.472038,113.092834670417,-44.988716719027
9.5174464,22.697998,19.693806,7.182991,5.227832,113.016491656584,-47.2555348148052
9.5487104,22.986160,19.576115,7.320925,5.208296,112.600099802777,-48.3671173832829
9.5800064,24.100389,19.634961,7.675610,5.149687,112.891364949248,-51.0304502421061
9.6199424,24.330919,18.301130,7.646053,4.749189,113.539453518069,-55.4324706576837
9.6512096,24.350130,17.594985,7.685462,4.573361,113.147649849183,-57.69161009583
9.6899328,26.031078,17.869597,8.227342,4.485447,113.843459545825,-60.9084279948417
9.7374096,26.088710,18.055941,8.128819,4.485447,114.84424342866,-60.3906026732759
9.7712112,27.039647,19.497655,8.276604,4.690580,116.716298339955,-58.2584303001858
9.8024464,27.894529,20.301876,8.611585,4.846872,116.55713368122,-57.9389320535072
9.8463136,27.779264,20.341106,8.513061,4.885945,116.767414226015,-57.4439122594057
9.8837152,27.241360,21.027637,8.187933,4.934786,118.519978091149,-54.518431154558
9.9151856,27.154912,21.488593,8.148523,5.003163,118.921314406576,-53.1949512487695
9.9462848,26.770695,22.047625,8.010590,5.227832,118.704517717381,-50.7275523948279
9.9949072,25.032114,21.900511,7.399744,5.247369,119.161623151219,-47.049507515769
10.0261776,23.869859,22.449735,7.005649,5.501343,119.016233866733,-42.6063825180127
10.058648,21.554953,22.871461,6.247017,5.657634,119.567935080864,-35.4676113352763
10.107408,19.998875,22.430120,5.774103,5.638098,119.296567875663,-32.0793343303361
10.13872,19.874005,21.312057,6.000707,5.726012,115.112410058009,-34.4326945026086
10.1687344,19.979664,19.340734,10.601763,7.611280,74.0030051605203,-44.130658319686
10.2086608,18.298716,16.996723,15.429423,10.580820,27.3659313914264,-48.3763751220208
10.2425024,15.894773,14.861290,18.311167,13.843408,-10.2374065101949,-46.9079010967115
10.2699648,12.448412,11.219614,18.115955,15.377019,-42.6370431208519,-44.8522483444393
10.3112192,9.851573,9.889955,17.071568,17.330870,-64.0476784252212,-36.3123600803941
10.3612464,8.973089,9.423582,17.754811,18.516698,-76.2135214568889,-34.4109466472987
10.392432,9.697115,9.473197,20.321855,20.003844,-82.4069132158667,-37.9775210773199
10.4274304,9.890188,8.897673,21.102705,18.915215,-83.5853983826066,-43.1038442713721
10.4637232,10.044647,8.133615,21.444327,17.651627,-84.4947230083499,-48.2919795074048
10.4949248,10.266681,7.548169,21.590736,17.010113,-85.1926078231447,-51.6885993278199
10.5261504,10.479062,7.726779,21.424806,17.291990,-83.4361061394914,-50.7280432738164
10.5874656,10.942439,8.272535,21.297917,17.554428,-78.6411735041017,-49.5301539146622
10.6161984,11.241702,9.155666,21.014859,17.933504,-73.1007295797204,-46.8654173568713
10.6482592,11.309278,9.532734,20.653716,17.680787,-69.4216680234647,-46.0887097060963
10.687392,11.521659,9.850264,20.087600,17.282271,-64.3869602174359,-45.6270973200084
10.7174416,11.637503,9.949492,19.775260,17.058713,-61.9277680539264,-45.5339863000693
10.7486976,11.637503,10.336482,19.316511,17.117032,-59.022028905234,-43.7714190739976
10.7886608,11.782308,10.554784,19.082256,17.010113,-56.3923207008697,-43.3770149582262
10.8300064,12.062265,11.090617,18.594225,16.689356,-50.3673538205379,-42.5507465540582
10.8612048,12.380836,11.418070,18.399013,16.329720,-45.8551820376683,-42.8449690764168
10.89496,12.612524,12.003517,18.096433,15.679834,-39.3877740033718,-42.8460600576054
10.9387424,13.191744,12.638578,17.793854,15.113277,-31.5089489074789,-43.2153120518313
10.97368,13.491008,12.926340,17.686487,14.732316,-27.5082028933605,-43.7571810758814
11.0074576,13.964038,12.916417,17.637684,14.155991,-23.5537345079872,-45.7392952081471
11.0561936,14.475683,12.787420,17.520557,13.325692,-18.774431457752,-48.4807617410001
11.085,14.765293,12.608809,17.432711,13.003340,-16.8916345360564,-49.9262533976205
11.1187392,14.968020,12.628655,17.579120,12.886122,-16.1208328815417,-50.7466259879557
11.1762384,15.161094,12.608809,17.715769,12.974036,-16.2381640554389,-51.1629134273596
11.2074624,15.344513,12.440121,17.823136,12.944731,-16.4551931450224,-52.0920105951807
11.2387296,15.421743,12.192051,17.979306,12.817744,-17.2233352234986,-53.3162801254832
11.289992,15.527933,11.914211,18.096433,12.768903,-18.1351475358395,-54.4206420671851
11.3224336,15.566548,11.388302,18.506379,12.690757,-21.2186289183306,-56.5309146965947
11.3512048,15.585855,11.199768,18.643028,12.573538,-21.9636005098356,-57.4889740192245
11.4024272,15.798236,10.931852,18.887044,12.593075,-23.0912729762828,-58.7957856962176
11.4324544,15.981656,10.634167,19.384835,12.475856,-24.8428760089795,-60.8331250538003
11.4637824,16.058885,10.415865,19.472681,12.319564,-25.1825569212902,-61.9749116801995
11.5036992,16.222998,10.197563,19.726457,12.075359,-25.4347911140064,-63.7179230928436
11.5336992,16.464340,10.187640,19.638612,12.026518,-24.0357076233536,-64.0893551735305
11.5674928,16.425725,10.247177,19.658133,12.114432,-24.3153048730095,-63.7048770979376
11.6249456,16.512608,10.187640,19.619090,11.928835,-23.4426984819753,-64.3689270924233
11.6562208,16.396764,10.217408,19.492202,12.104663,-23.9563465473792,-63.5084227635782
11.6874496,16.406418,10.396019,19.462920,12.231650,-23.530587326153,-62.7447295149761
11.7187184,16.406418,10.415865,19.462920,12.173041,-23.2520354634907,-62.8374347133884
11.757408,16.445032,10.247177,19.501963,12.143736,-23.8076670852746,-63.4295123600256
11.788712,16.522262,10.207486,19.472681,12.143736,-23.5571228560629,-63.596997485174
11.818704,16.473993,10.276945,19.423878,12.221882,-23.5716518036291,-63.0962788418189
11.859976,16.531915,10.237254,19.453160,12.241419,-23.664110243069,-63.2756222153344
11.8924608,16.551223,10.177717,19.375075,12.280492,-23.6933804225387,-63.2365570296441
11.9212576,16.445032,10.316637,19.257947,12.329333,-23.3297018268785,-62.4494324546412
11.95496,16.638106,10.276945,19.189623,12.202346,-22.0478426596872,-63.03756646927
12.0037152,16.387238,10.267023,19.218905,12.075359,-22.7599813127993,-63.0324428623658
12.0337088,16.387238,10.356328,19.121299,11.928835,-21.5573459721,-63.0226773416097
12.063712,16.387238,10.564707,19.072496,11.928835,-20.5521499852968,-62.4449514207093
12.1137024,16.521714,10.673858,18.965129,11.987445,-19.4128337546485,-62.0837263827309
12.1449504,16.339211,10.743318,18.935847,12.026518,-19.8958723351225,-61.4993517962524
12.1749392,16.705681,10.663936,18.906565,12.065591,-18.7932145278003,-62.112007241302
12.2199216,16.696028,10.644090,18.935847,12.192578,-19.4520998664159,-61.8867981884881
12.2662736,16.560876,10.683781,19.004171,12.241419,-20.2339220486976,-61.5747379491856
12.29616,16.435379,10.663936,18.965129,12.358637,-21.0792506329624,-61.0919935891903
12.3474272,16.445032,10.654013,18.935847,12.231650,-20.5416629508837,-61.3863467036323
12.3786736,16.473993,10.753241,18.926086,12.231650,-19.9994609872019,-61.1804987783671
12.408672,16.560876,10.763164,18.906565,12.270723,-19.6845717891156,-61.1680728723213
12.448656,16.599491,10.713550,18.916326,12.036286,-18.9482819022667,-61.9164871734172
12.4786768,16.667067,10.733395,18.838241,12.075359,-18.4676514862827,-61.7600256421749
12.5099632,16.724989,10.783009,18.838241,12.202346,-18.4873307365599,-61.4295226719474
12.5436848,16.502503,10.961620,18.955368,12.202346,-19.0656161021559,-60.846694296777
12.5911744,16.608163,10.534939,18.887044,11.499033,-17.6288998181215,-63.6139561639182
12.6224672,16.598557,10.396019,18.750395,11.342742,-17.1755948338104,-64.1176916985961
12.652448,16.646584,10.624244,18.652789,11.372047,-15.830999475124,-63.4080010690656
12.692432,16.646584,11.021157,18.564943,11.616252,-14.8312006380299,-61.718316885996
12.7236928,16.685006,11.259305,18.662549,11.889763,-15.0769739798174,-60.7119173177092
12.7536944,16.800271,11.298996,18.769916,12.016749,-15.3050722396166,-60.6630725209918
12.7887184,16.771455,10.981466,18.682071,11.743239,-15.369407924825,-61.8812031226296
12.8249168,16.579346,10.554784,18.545422,11.372047,-15.9868227439053,-63.3111340586827
12.8587232,16.608163,10.683781,18.438055,11.440424,-15.2195950968113,-62.7061174253803
12.8974336,16.733033,11.070771,18.643028,11.840921,-15.3795298875599,-61.3171180243012
12.937472,16.723428,10.981466,18.603986,12.016749,-16.2479514456756,-61.0370909888624
12.9674656,16.704217,10.862392,18.652789,11.889763,-16.5121914530149,-61.667643977001
12.997472,16.608163,10.713550,18.652789,11.840921,-17.3026872194484,-61.9936718229983
13.04868,16.627373,10.693704,18.662549,11.792080,-17.1667866727812,-62.2035885637052
13.0799648,16.550530,10.733395,18.643028,11.958140,-17.8316311567492,-61.5608534060574
13.1099712,16.521714,10.872315,18.603986,12.016749,-17.4660352619613,-60.9843295770643
13.1411808,16.531319,11.021157,18.545422,12.192578,-17.2561177459227,-60.1398823647203
13.181192,16.705681,11.041003,18.428294,12.221882,-16.1889655914088,-60.1133982461326
13.2124272,16.667067,11.070771,18.330688,12.173041,-15.7061659748777,-59.9458875197018
13.2437584,16.531915,11.140231,18.301406,12.231650,-16.0660225503418,-59.3873695072703
13.2924256,16.522262,11.279151,18.291646,12.378174,-16.0453653923533,-58.6908629243263
13.327544,16.406418,11.328765,18.174518,12.280492,-15.543860607073,-58.4336737158925
13.3550048,16.290573,11.427993,17.979306,12.397710,-15.3316080510232,-57.4335665609829
13.3961984,16.155422,11.527221,17.930503,12.534465,-15.7839660289689,-56.5919287565102
13.4262176,15.894773,11.943980,17.686487,12.798208,-15.2464728760442,-54.2161341424052
13.4574752,15.865812,12.162282,17.666966,12.954499,-14.9977992509805,-53.297714704784
13.4887232,15.721007,12.321047,17.549838,13.081486,-14.9787818421902,-52.2269444284412
13.5424256,15.479665,12.420275,17.364387,13.052181,-14.7675623250256,-51.3494913341847
13.578688,15.363821,12.569118,17.208217,13.140095,-14.397080805518,-50.3630376452058
13.6099328,15.344513,12.757652,17.071568,13.081486,-13.0465185397285,-49.8095951356871
13.649936,15.267284,12.956108,16.973962,13.247546,-12.8262906921727,-48.7157888289402
13.6812336,15.180401,13.085105,16.973962,13.315923,-12.9094310305225,-48.1401534215799
13.713824,15.103172,13.045413,16.856834,13.276851,-12.7985948653497,-47.9665444016785
13.763784,15.035596,13.233947,16.788510,13.276851,-12.08945267643,-47.3225755944765
13.7937408,14.948713,13.372867,16.583537,13.354996,-11.4333342964752,-46.3400772729273
13.824904,15.006635,13.561400,16.622579,13.315923,-10.4959184982642,-46.1981922544508
13.8725184,15.083864,13.878931,16.632340,13.354996,-9.18731001126277,-45.6071304517337
13.904952,14.968020,13.819394,16.427367,13.325692,-8.99582357098072,-45.2160456629665
13.9362464,14.784600,13.660629,16.329761,13.315923,-9.89858033819706,-45.0593397153639
13.9737024,14.717025,13.601092,16.611707,13.296387,-11.3365287921655,-45.6149995436142
14.0199008,14.688064,13.640783,16.503331,13.423374,-11.3628385704819,-45.0157038061486
14.0586592,14.649449,13.759857,16.562445,13.618738,-11.9719182987875,-44.3976139889588
14.0924352,14.649449,13.720166,16.631412,13.579666,-12.2301824611088,-44.6863504822458
14.1299184,14.745986,13.482018,16.427367,13.618738,-12.1791970649233,-44.9062386738341
14.1799568,14.745986,13.402635,16.515212,13.491752,-12.3427723485461,-45.4992138486563
14.2211584,14.968020,13.303407,16.651861,13.325692,-11.7659178806933,-46.7066728727423
14.2537232,15.074211,13.263716,16.671382,13.335460,-11.6174330430157,-46.9947319388992
14.2827184,15.122479,13.164487,16.847074,13.276851,-12.2332694095689,-47.7284988957528
14.3137008,15.180401,13.144642,16.837313,13.237778,-11.9123325597434,-47.939511756257
14.3561584,15.238323,13.075182,16.876355,13.218241,-12.0265167193808,-48.3009662598793
14.384968,15.209362,13.154565,16.778749,13.208473,-11.4474905738759,-47.9287779587866
14.4154736,15.141786,13.124796,16.690904,13.228009,-11.572672972855,-47.6756030434928
14.4624896,15.064557,13.164487,16.612819,13.296387,-11.6813073693999,-47.1678746530081
14.4962192,14.881137,13.323253,16.505452,13.481983,-12.0583223955466,-45.9141781171925
14.5274304,14.803908,13.511786,16.466409,13.589434,-11.8787963688097,-45.0814072961861
14.5636832,14.659103,13.730088,16.417606,13.814103,-12.2294128684692,-43.8088159341069
14.59912,14.456376,13.720166,16.359042,13.911785,-13.1822141673761,-43.1483990559165
14.6286912,14.263302,13.690397,16.582150,14.029004,-15.2485465973939,-43.0241784120292
14.6599168,14.079882,13.869008,16.483626,14.165759,-15.4019626003381,-41.8586721490204
14.6999392,14.031614,13.789625,16.434364,14.253673,-16.0325054919998,-41.6595038369774
14.7312416,13.877155,13.968236,16.385102,14.341587,-16.0747279025162,-40.7391943038175
14.7655072,13.819233,13.978159,16.404807,14.478342,-16.8093883992004,-40.3729703395801
14.8225104,13.780618,14.027773,16.316136,14.566256,-16.7640332226016,-39.8580005012815
14.857488,13.664774,14.156770,16.207760,14.663939,-16.6755965964311,-38.9820960235152
14.8937504,13.616506,14.305612,16.089531,14.712780,-16.0430234123235,-38.2740386677345
14.9337216,13.548930,14.285767,16.050122,14.712780,-16.2433954499189,-38.1074004494481
14.9653472,13.539277,14.424686,15.991008,14.820230,-15.9125977672928,-37.4926308244117
14.9949376,13.394472,14.543760,15.862927,14.878840,-15.7682339206379,-36.6181900080869
15.0274784,13.375164,14.613220,15.734846,14.810462,-14.8819427122366,-36.3282275845554
