0.0323552,10.562881,16.996723,12.002284,18.302861,-1.1640922286615,-9.71035189807597
0.0673088,10.514607,17.134029,12.041698,18.409779,-1.33600018836098,-9.31540073309899
0.1047952,10.456679,17.143836,11.992430,18.458379,-1.52174989519525,-8.96877479282316
0.1334928,10.466333,17.192874,11.933309,18.536138,-1.35842407173433,-8.65745401594698
0.1635408,10.389096,17.114414,11.943162,18.565298,-2.10613891751113,-8.56933795873235
0.206112,10.302203,17.241912,11.884041,18.497259,-1.49585693749373,-8.12576369004062
0.2335104,10.282894,17.212489,11.884041,18.497259,-1.68707875194639,-8.12322531941177
0.2648496,10.234620,17.192874,11.834773,18.400060,-1.43217888675538,-8.0621639830169
0.2960352,10.224965,17.163452,11.785505,18.497259,-1.75719452554265,-7.81581964456555
0.3372832,10.282894,17.349796,11.746090,18.584738,-0.969538321029688,-7.44977613257958
0.3672688,10.234620,17.428256,11.746090,18.681937,-1.19718743789056,-7.07029254111847
0.4198144,10.215310,17.408641,11.755944,18.720816,-1.5220859764322,-7.01862116093049
0.459816,10.157382,17.408641,11.598287,18.575018,-0.667987721591222,-6.70696214960904
0.4898224,10.089799,17.496909,11.637701,18.662497,-1.0402887199231,-6.3769960343545
0.521096,10.051180,17.722483,11.519458,18.779136,-0.304925755403858,-5.48799000747426
0.5622672,9.983597,17.800944,11.480044,18.788856,-0.15667108630203,-5.09521695802263
0.5935616,9.877395,17.908827,11.480044,18.769416,-0.0807146283803455,-4.70378388564832
0.6222896,9.751883,17.997096,11.332240,18.798576,0.199016999679774,-3.85312215612921
0.6535232,9.742229,18.095171,11.312533,18.886055,0.300024854914504,-3.51424529315956
0.6934992,9.636026,18.183440,11.204143,18.992974,0.235642590580659,-2.69858508613785
0.7250384,9.636026,18.271708,11.204143,19.012414,0.508454536174561,-2.54681917228756
0.7547776,9.597408,18.310938,11.066193,19.012414,1.00541959964584,-2.04617973947725
0.804752,9.510515,18.330553,11.007072,19.031853,0.887224121495878,-1.6211443999517
0.8360176,9.442932,18.507090,11.036632,19.158212,0.749797427350067,-1.10387090582806
0.866056,9.481551,18.585550,11.056339,19.517849,-0.147707090604253,-0.650827329806631
0.899816,9.452587,18.448244,11.174582,19.780286,-2.12593947301778,-0.705782726088394
0.937256,9.510515,18.114787,11.174582,19.216532,-1.21288665052908,-2.08939955496339
0.9673024,9.442932,17.928443,10.977511,18.818015,-0.0723395405760012,-2.24187345155674
0.9985568,9.423622,18.154017,10.947950,18.711097,1.23529833077189,-1.94790222538266
1.0547776,9.404313,18.261900,10.908536,18.691657,1.79674709308071,-1.67198541068845
1.0898512,9.249837,18.428629,10.760732,18.886055,1.67455647970679,-0.386706870399216
1.1210368,9.259492,18.418821,10.760732,18.973534,1.35540754611215,-0.30399228262025
1.171032,9.288456,18.879778,10.918389,19.585888,0.488364405986383,0.678097496780254
1.202256,9.442932,18.752279,10.918389,19.508129,0.867706781873862,0.00926637136354458
1.23236,9.385003,18.389399,11.056339,19.197092,-0.140875823151706,-1.11565650172746
1.2834944,9.452587,18.124594,11.105607,18.876335,0.0631530591208662,-2.2325513776894
1.3148304,9.510515,18.173632,11.174582,18.895775,0.163294564523248,-2.45804600502724
1.344832,9.539479,18.399206,11.145022,18.963814,1.01428706698493,-2.04349545699003
1.3861008,9.587753,18.467859,11.076047,18.944374,1.7837479168353,-1.92233762546175
1.4172928,9.491205,18.771894,11.066193,19.090173,2.09194068008393,-1.03017015174682
1.44728,9.298111,18.713049,10.957804,19.226251,1.02461623649613,-0.158167739129013
1.4999248,9.259492,18.693434,10.908536,19.158212,1.22058980026779,-0.0529049165500197
1.5373616,9.201563,18.713049,10.819853,19.284571,0.93694499175878,0.52236777096995
1.5685456,9.105016,18.781702,10.780439,19.274851,1.00544492581131,0.952776189041131
1.6022992,9.105016,18.713049,10.760732,19.430369,0.251730326799906,1.12082340249573
1.6410432,9.047088,18.526705,10.770585,19.585888,-1.29127659625407,1.20368983184918
1.6751344,8.979505,18.428629,10.810000,19.663647,-2.35788956507063,1.24931278939867
1.714824,9.018124,18.320746,10.859268,19.760846,-3.14845944762357,1.00741583781304
1.7610336,9.008469,18.203055,10.839561,19.858045,-3.9248201169157,1.05570265451293
1.7935664,8.979505,18.183440,10.878975,19.819166,-4.11941323851733,0.949636281893348
1.8223472,9.008469,18.154017,10.947950,19.896925,-4.63542296008378,0.762008076242864
1.863576,8.940886,18.212862,10.888828,19.887205,-4.42920369552544,1.15564671664195
1.8986048,9.027778,18.144209,10.918389,19.945524,-4.66424096464819,0.840855943683323
1.9251376,9.095361,18.104979,10.967657,19.770566,-4.1117633110135,0.249376566585198
1.9574128,9.105016,18.036326,10.918389,19.673367,-3.83080310867636,0.124836298939478
1.9960656,9.201563,17.977480,11.026779,19.683087,-4.09669450458434,-0.469484182594002
2.02608,9.317420,17.908827,11.076047,19.576168,-3.70685860516479,-1.13433908668936
2.0574256,9.433277,17.820559,11.105607,19.547008,-3.59901574121,-1.66807290208453
2.0985856,9.520170,17.742099,11.302679,19.488689,-4.05280352034385,-2.57828540388873
2.1298112,9.722919,17.565562,11.361801,19.284571,-3.43998533817636,-3.77653895955008
2.159816,9.771193,17.555755,11.371654,19.187372,-2.98003199042908,-4.07555653833393
2.2010768,9.887050,17.408641,11.381508,19.177652,-3.10400222950186,-4.61576725458402
2.2310928,9.925668,17.457679,11.499751,19.197092,-3.24309816998727,-4.90635154063656
2.2610608,9.877395,17.536140,11.470190,19.216532,-3.08863235218262,-4.57186153852183
2.2923648,9.896704,17.467486,11.430776,19.235971,-3.21277070242776,-4.59293810758876
2.3473136,9.819466,17.575370,11.401215,19.294291,-3.19313890006594,-4.08807246045858
2.3835616,9.722919,17.447871,11.361801,19.119333,-3.32301185253117,-4.18375688959853
2.4148224,9.771193,17.604793,11.322386,19.245691,-2.81850972236549,-3.79820980756696
2.4648288,9.684300,17.585177,11.312533,19.284571,-3.34156071864925,-3.52815454296346
2.4948608,9.636026,17.800944,11.302679,19.488689,-3.36375222570507,-2.78657314062963
2.5260912,9.481551,17.869597,11.273118,19.469249,-3.52992414799924,-2.2545614597832
2.5660224,9.510515,17.840174,11.263265,19.469249,-3.49714871370061,-2.34404005088901
2.5960752,9.481551,17.869597,11.233704,19.478969,-3.42566712461989,-2.14145004954477
2.6273184,9.462241,17.928443,11.164729,19.469249,-2.99298568691436,-1.84944361166411
2.6585904,9.336730,17.928443,11.174582,19.605328,-4.00117548152431,-1.36662704828638
2.7072992,9.259492,17.908827,11.164729,19.605328,-4.35041281404092,-1.17228768769259
2.738552,9.230528,18.065749,11.007072,19.527569,-3.01506952889386,-0.585874823146135
2.7697968,9.143635,18.154017,10.957804,19.556728,-2.93854338990204,-0.0747373389298431
2.8210848,9.124326,18.212862,10.888828,19.663647,-2.91646539842245,0.3790774594083
2.8498432,9.124326,18.242285,10.908536,19.566448,-2.52627920618118,0.235890569504974
2.8798512,9.124326,18.212862,10.928243,19.556728,-2.67775033947882,0.131640451068776
2.9222752,9.162945,18.222670,10.918389,19.488689,-2.21054831678474,-0.0221575610414746
2.9610576,9.220873,18.291323,10.967657,19.469249,-1.8185238097928,-0.230088948465173
3.0010912,9.230528,18.301130,10.977511,19.488689,-1.84603663673871,-0.240005819063896
3.0422864,9.249837,18.252093,10.977511,19.459529,-1.85929550385968,-0.396734796240146
3.0723152,9.182254,18.222670,10.987364,19.488689,-2.37905498575809,-0.249082924196429
3.1035536,9.259492,18.212862,11.016925,19.410930,-1.94288126371033,-0.643245721985984
3.136176,9.220873,18.212862,11.026779,19.488689,-2.40514360250658,-0.462563346136172
3.1748384,9.172599,18.291323,10.997218,19.488689,-2.18180232841523,-0.155467825236791
3.2048592,9.162945,18.399206,10.898682,19.459529,-1.34306618569456,0.230045106968042
3.2347744,9.191909,18.467859,10.957804,19.449809,-1.13683628064873,0.0841239092005779
3.2773376,9.143635,18.409014,10.918389,19.498409,-1.58850917906063,0.295348907485547
3.3060512,9.105016,18.399206,10.898682,19.459529,-1.57027627223721,0.379243615736044
3.3372784,9.162945,18.399206,10.888828,19.644207,-1.96312392139655,0.506363309649942
3.3686496,9.162945,18.438437,10.928243,19.566448,-1.67386454689656,0.352879734987269
3.4086272,9.095361,18.448244,10.859268,19.381770,-0.998085471809068,0.466743301877692
3.4397888,9.162945,18.487474,10.790293,19.478969,-0.680760433577147,0.655789496208669
3.4698144,9.095361,18.595358,10.741025,19.527569,-0.521033466737617,1.16916595857852
3.5110368,9.056743,18.536512,10.721318,19.547008,-0.900978985686494,1.26719511454566
3.5423552,9.114671,18.546320,10.780439,19.576168,-0.950729896911287,1.01678317078574
3.5723664,9.191909,18.458052,10.898682,19.566448,-1.37923547423378,0.381023960151957
3.6298096,9.153290,18.565935,10.987364,19.799726,-2.24419527459103,0.712988486138208
3.666072,9.162945,18.605165,10.800146,19.333170,0.264526862105027,0.592226388016051
3.6960816,9.182254,18.595358,10.780439,19.119333,1.14248415972425,0.288447387071663
3.7310704,9.182254,18.830740,10.750878,19.177652,1.95085109055159,0.764512995152224
3.7685568,8.863648,18.840547,10.603074,19.498409,0.129723049335556,2.41982040474473
3.797336,8.767101,19.007276,10.465124,19.828886,-0.285803625959137,3.68792143963234
3.8273296,8.670553,19.017084,10.396149,19.935805,-0.75896092274122,4.27486739878622
3.8685776,8.709172,19.075929,10.406003,19.887205,-0.241230175315049,4.1603295911722
3.9010848,8.738136,18.820932,10.435564,19.721967,-0.638753929929095,3.45885312594248
3.92984,8.767101,18.820932,10.504539,19.721967,-0.772072318702676,3.20092516193169
3.9723648,8.718827,18.801317,10.534099,19.770566,-1.31713496619065,3.28820912782686
4.012296,8.699517,19.036699,10.534099,19.906645,-0.956339783647399,3.82339480089883
4.0410944,8.747791,19.056314,10.474978,19.945524,-0.620401944345057,3.92755765895538
4.0751152,8.709172,18.948431,10.445417,19.955244,-1.12059775635784,3.97963773113484
4.1136,8.680208,18.938623,10.396149,19.887205,-0.854521159694752,4.08492531500857
4.143576,8.602970,18.968046,10.346881,20.081603,-1.55802934822949,4.70826318323015
4.1752416,8.622280,18.958238,10.337028,20.091323,-1.52034501941653,4.68312783600734
4.2090688,8.574006,19.007276,10.297613,20.062163,-1.27369763484392,4.9409724869792
4.2560432,8.506423,18.977853,10.287760,20.120483,-1.82642130653882,5.18368031140098
4.287304,8.574006,18.899393,10.297613,20.207962,-2.21418510415857,4.98953495121859
4.322368,8.545042,18.860162,10.287760,20.110763,-2.10297166597703,4.91765435299565
4.3573104,8.583661,18.811124,10.327174,20.101043,-2.24942630374587,4.63472662215437
4.3885488,8.738136,18.683626,10.445417,20.081603,-2.49311992785938,3.72356264483865
4.41984,8.825029,18.683626,10.494685,20.023284,-2.11958513314299,3.2898079598845
4.4597984,8.873303,18.605165,10.465124,19.955244,-1.89228926707691,3.04857577177436
4.489792,8.979505,18.565935,10.573514,19.838605,-1.60015547274894,2.28154917060682
4.5223264,9.095361,18.595358,10.593221,19.858045,-1.17098852984562,1.99393395044504
4.5510608,9.066397,18.458052,10.603074,19.751126,-1.47662395762361,1.71793815224154
4.5923648,9.182254,18.340361,10.612928,19.547008,-0.790359803785959,0.957632593135436
4.622336,9.153290,18.379591,10.583367,19.644207,-0.992053631701324,1.2941816238209
4.6535504,9.201563,18.526705,10.504539,19.624768,0.123745263578263,1.54536403446276
4.6935568,9.230528,18.624781,10.553807,19.673367,0.26727463647287,1.53896793727996
4.727352,9.153290,18.585550,10.553807,19.663647,-0.150740896741659,1.67372735684629
4.7560496,9.095361,18.507090,10.583367,19.721967,-0.996972987171008,1.72047485228632
4.7873408,9.085707,18.507090,10.514392,19.877485,-1.34275243864954,2.13239416978217
4.8260656,8.969850,18.536512,10.524246,20.033004,-2.26744585985919,2.65341593863651
4.8573456,8.902267,18.556127,10.524246,19.984404,-2.28403799851544,2.79171699582177
4.9110656,8.853993,18.565935,10.504539,19.994124,-2.4000225416629,2.99540502779515
4.948592,8.950540,18.605165,10.455271,19.984404,-1.65771435893957,2.91043520432579
4.979848,8.960195,18.565935,10.484831,19.877485,-1.49889707054433,2.61505303927016
5.0098544,9.085707,18.546320,10.504539,19.751126,-0.704105971122926,2.04208664547042
5.0497744,9.269147,18.683626,10.642489,19.576168,0.675229368186812,1.15876782219809
5.0835744,9.520170,18.673818,10.662196,19.255411,2.68680413257815,0.0162056512591704
5.11232,9.693955,18.458052,10.593221,19.080453,3.41116363230526,-0.788574013697456
5.1435872,9.838776,18.359976,10.731171,19.012414,3.33607591788934,-1.74021860732823
5.1860512,9.925668,18.261900,10.819853,19.051293,2.83026826035252,-2.26746391288204
5.2148432,9.954633,18.114787,10.839561,19.012414,2.44542542075213,-2.65220145879312
5.24608,9.935323,17.938250,10.878975,19.109613,1.19465838927054,-2.81521479067561
5.2985712,9.877395,17.634215,11.056339,19.440089,-2.03176105396137,-3.07840274433988
5.327328,9.732574,17.408641,11.135168,19.867765,-5.27082353927709,-2.62701958915009
5.3588576,9.433277,17.084991,11.115461,20.373200,-9.44275856520941,-1.56672422540217
5.4010512,9.085707,16.947685,10.938096,20.888355,-12.5681727239749,0.296490192103789
5.4298336,8.834684,17.016338,10.898682,21.238272,-14.3604302134986,1.61279737789057
5.4623632,8.786410,17.035953,10.849414,21.471549,-15.0896073984327,2.20259808277
5.4935424,8.631934,17.124221,10.701610,21.860346,-16.1575321563603,3.61516024928137
5.549896,8.371257,16.869224,10.603074,22.511579,-20.105209360761,5.06660302228758
5.5835808,8.004377,17.146968,10.603074,23.289172,-22.9426805663511,7.34775129017078
5.6160752,7.917484,16.581356,10.741025,23.697408,-27.4037644007292,7.02061555897667
5.6548416,7.888520,16.055436,10.908536,23.882086,-30.8733071509345,6.23369688715132
5.6860304,7.743699,15.727977,11.066193,24.232002,-34.4589434640633,6.22771745364054
5.7161472,7.724389,15.420364,11.115461,24.727718,-37.4979949320522,6.38168333537347
5.758584,7.695425,15.211980,10.977511,24.601359,-37.7979489055341,6.40777476895411
5.7873008,7.685770,15.509671,10.711464,24.465280,-35.3298492710624,7.34237986391011
5.8186224,7.820937,16.253897,10.258199,24.475000,-30.1301483087317,9.10822828151085
5.8498832,7.830591,17.256121,9.903470,23.882086,-22.8812834145926,10.5211083061003
5.8885408,8.487113,19.909573,9.056061,21.286871,1.9349104829184,11.1069437484346
5.919792,9.037433,21.125713,8.799868,19.877485,14.5751843856567,10.0839836179904
5.9498768,10.398750,23.803181,8.169239,15.767899,47.3326473312521,6.38461503281381
5.9910912,11.692484,25.931425,7.095198,11.781807,80.9426229481006,3.38687185324899
6.0210896,13.594467,29.109080,5.952182,9.036484,113.113181551528,1.95294213165964
6.052304,14.337881,30.678292,5.075213,8.450295,125.567707015602,3.59400476301812
6.084856,14.579250,31.335400,4.641655,8.245128,130.71304634184,4.67320219107727
6.1235504,15.255081,31.727703,4.030733,8.020422,137.215930093472,4.71604213050873
6.1673488,15.872984,30.413488,4.247511,7.707787,136.726314422588,0.435396280964525
6.1960816,16.664672,29.020812,4.651508,7.492851,134.677611127591,-4.8397704553777
6.2460944,17.760813,26.510072,5.203309,6.750344,133.550067685732,-13.9219703354457
6.276224,19.038333,25.431239,5.607306,6.330241,133.971679718979,-20.4173104021347
6.3060336,20.315854,24.862399,6.001450,6.056686,134.387093361771,-25.6330246382537
6.3485264,21.170736,24.980090,6.159107,6.037146,135.098587295913,-27.5940544845064
6.377336,20.997839,26.098154,5.528478,5.421646,143.924910508269,-24.9915943618491
6.4090608,21.602980,25.313548,5.410235,4.991774,147.028668115216,-28.2509521689396
6.4410848,22.438651,24.695670,5.400381,4.776837,148.717408204875,-31.5493834538535
6.4885392,23.264717,23.920872,5.814232,4.767068,146.29465611779,-35.5702127864213
6.5198576,23.581696,22.959729,5.981743,4.552131,145.693392979814,-38.896318420597
6.5498752,23.629723,21.920126,5.873353,4.219957,147.064896378934,-41.6885728486476
6.60108,24.811190,20.939369,6.346325,4.161338,144.73446630464,-47.0719133188623
6.6323424,24.801584,20.635334,6.553251,4.288346,142.194387064072,-47.8257798913076
6.663552,24.840006,21.361094,6.858712,4.718218,138.848495558046,-45.8860451059955
6.7048208,24.561449,21.351287,6.907980,4.962464,136.656772602429,-44.970172745843
6.744816,23.975518,21.115905,6.789737,4.767068,137.271977428978,-44.623776013055
6.774888,23.370377,22.047625,6.435008,4.884306,139.223132466737,-40.5720911936043
6.8298064,23.168663,23.499146,6.001450,5.021083,142.877699701705,-36.0827892890424
6.867312,23.197479,23.450108,5.124481,4.229727,153.282552826538,-36.1057166949212
6.8973328,23.351166,23.538376,5.094920,4.249267,153.658019986929,-36.13340631548
6.9473136,22.726814,23.528569,5.193456,4.561901,150.19295295825,-34.4521628022642
6.9785456,21.526137,26.186422,5.252577,5.812440,144.095033847549,-24.6740195169674
7.0089232,21.295607,25.921618,5.104773,5.490035,146.25540802247,-24.9168077549602
7.0485792,21.891143,26.421804,4.671216,4.864766,154.231352992455,-25.4888070367444
7.0897888,22.918922,25.146819,4.148976,3.848703,163.8390604252,-30.8789219666274
7.1210688,23.187874,24.882014,4.336194,4.014791,161.518968264916,-32.0249205026446
7.152344,22.717208,25.362586,4.562826,4.473973,157.100471712143,-29.6959657575954
7.1923072,23.149452,25.470469,5.035798,4.718218,153.255992630763,-30.8860111482836
7.2223072,23.072609,25.068358,5.134334,4.776837,151.682735125984,-31.581453822432
7.2535664,22.870895,25.029128,4.947116,4.659600,153.274035275858,-31.0901118992267
7.2960912,22.755630,24.862399,4.661362,4.317655,156.913649044544,-31.247346038702
7.3263312,23.917886,23.920872,4.464290,3.555608,163.440388638065,-36.6469789080447
7.3548416,24.388551,23.803181,4.415022,3.448140,164.868746739214,-37.9554235817025
7.3885504,24.657503,24.224907,4.543119,3.604458,163.747851955413,-37.53964895384
7.4323488,23.485642,25.097781,4.217951,3.838934,164.015577733426,-32.3166698376853
7.4761216,22.467468,24.097408,4.129268,3.887783,162.008805201871,-31.8986438986017
7.511136,23.168663,24.989898,4.927409,4.600981,154.087922927214,-31.8445643020469
7.5573344,23.764199,24.587787,5.163895,4.434893,153.887512787173,-34.6125065222515
7.5885568,23.552880,25.450854,4.799312,4.434893,156.951838133204,-31.7966618473882
7.62108,23.139847,26.510072,4.681069,4.815917,156.083194975656,-28.042883224941
7.661104,22.813263,26.804299,4.651508,4.884306,155.806581069773,-26.6584305735574
7.6885824,21.929564,26.676801,4.365754,4.854996,156.564827934527,-24.475416243716
7.7197904,21.487715,26.941606,4.060293,4.610750,159.854573400961,-22.8109880238431
7.7635552,21.449293,27.471215,3.784393,4.405584,163.513576322854,-21.5380543499923
7.7911536,21.699034,27.373139,3.646443,4.132029,166.363977951782,-22.4468296165678
7.822376,22.217727,27.049489,3.695711,3.956172,167.398227336408,-24.5996539377035
7.8548784,22.573127,26.706224,3.685857,3.829164,168.313822871173,-26.2148033428945
7.8938752,22.765236,25.715658,3.863222,3.711926,167.094738353242,-29.1060496259525
7.9252496,23.168663,25.558737,4.109561,3.878013,164.625826376564,-30.4598286169875
7.9548432,23.379982,25.823542,4.286926,4.073410,162.721185288968,-30.3821775598499
7.988632,23.351166,25.166434,4.405169,3.985481,161.766041205161,-32.0029151398175
8.0260672,23.216690,25.029128,4.730337,4.268806,157.53892244594,-32.108323557388
8.0600592,23.274323,24.901630,4.769752,4.268806,157.204405282089,-32.5542986653266
8.1035632,23.312744,24.509327,4.956970,4.366505,154.963000503189,-33.5894292631876
8.1586672,22.976555,25.274317,5.075213,4.845226,151.765200686569,-30.7462946730816
8.1897984,22.486678,25.509699,4.671216,4.659600,155.13140091094,-28.8101412691658
8.2248752,22.169700,25.872580,4.493851,4.561901,156.934469088311,-27.2696641949129
8.2635312,21.862326,26.039308,4.188390,4.493512,159.170892265452,-25.7683886566271
8.2910416,21.747061,26.264883,4.415022,4.854996,155.535319080459,-24.9317934435724
8.321072,21.353239,26.990643,4.533265,5.275099,152.575496679941,-22.2929006030751
8.363712,20.949812,26.833722,4.474144,5.304408,152.050976153298,-21.501351508068
8.3960656,20.911390,26.706224,4.415022,5.079702,153.623580831854,-21.9049597095574
8.42488,20.901784,27.304486,4.336194,5.255559,153.750671609631,-20.3566349108814
8.45604,20.969022,27.343716,4.336194,5.206710,154.187829617587,-20.5224580539641
8.4973328,21.257185,27.098527,4.385462,5.138321,154.360306694706,-21.8105741939585
8.5264416,21.651007,26.402189,4.651508,5.079702,152.688729826648,-24.5804417051789
8.5586224,22.073645,24.617210,4.848580,4.610750,152.663039097368,-30.1173136850174
8.60856,23.120636,23.204919,5.370820,4.395814,150.215405826235,-36.6088541152234
8.638536,23.994729,23.028382,5.597453,4.288346,150.390717744835,-39.3567671412222
8.6686016,24.609476,22.538004,5.627014,3.926862,152.650114962352,-42.3815532973639
8.721064,24.878428,22.861654,5.380674,3.760775,156.020735328098,-42.0870700767606
8.7711072,25.416331,23.440301,5.045652,3.496989,161.165610333441,-41.7989254232287
8.80356,25.819759,23.391263,5.124481,3.369982,161.869089354118,-43.0622861597889
8.842312,26.290424,23.293187,5.213163,3.272283,162.335393631322,-44.4929865705427
8.8723568,26.405689,23.155881,5.232870,3.262513,162.248087889317,-45.0488342229853
8.9035408,26.789906,22.989152,5.262431,3.184355,162.793271911115,-46.3086981118066
8.9435632,26.799511,22.655695,5.203309,3.018268,163.886018006189,-47.307766062088
8.97484,26.444111,22.920499,5.183602,3.155045,163.03585027125,-45.7675788202016
9.0048448,26.348057,22.851846,5.183602,3.203894,162.542665815701,-45.6387018822478
9.0386176,26.213581,22.518388,5.272284,3.242974,161.201571524063,-46.1981379079238
9.0773264,25.963840,21.773013,5.370820,3.223434,159.546896420303,-47.6255262903747
9.107344,26.232792,21.508208,5.646721,3.291823,157.322830452555,-49.0375905990429
9.1385488,26.607403,20.968791,5.912768,3.360212,154.979307265343,-51.2243741760325
9.1848192,26.684246,20.576488,6.159107,3.409061,152.704963315106,-52.5675212226833
9.2185824,27.366231,20.144955,6.858712,3.702156,146.863787582478,-55.1710743615004
9.2511232,27.308598,19.683999,6.878419,3.702156,146.0332378465,-56.1852441009379
9.2823632,27.049252,19.311311,6.996662,3.711926,144.35917926153,-56.8172182363001
9.3198,27.039647,19.144582,7.045930,3.643537,144.225528571753,-57.4436693993653
9.354848,26.828327,19.144582,7.036076,3.819394,142.895781044885,-56.6652693549276
9.3936608,26.079105,19.899765,6.839005,4.034330,142.794382839354,-52.8133134951908
9.4323376,24.974482,21.419940,6.464568,4.581441,142.340787326943,-45.5905266447736
9.4635936,23.889069,22.302622,6.218229,4.962464,141.225544183643,-40.4461043255157
9.493592,23.082214,22.714540,6.021157,5.128551,140.830012847428,-37.3215051743766
9.5372816,21.353239,24.362213,5.567892,5.773360,139.540200329327,-28.3760805944962
9.5648768,20.325459,24.715286,5.449649,5.910138,138.396576341551,-24.994839308579
9.5973728,19.624264,25.019321,5.223016,6.134844,137.789967659764,-21.9598923927122
9.627336,19.124782,25.313548,5.085066,6.252082,137.594978267232,-19.7640277730234
9.666088,17.549494,24.921245,4.700776,6.340011,136.269402896706,-15.6017328570326
9.696088,16.540925,22.812616,7.400659,7.571010,106.276364349555,-21.2801232775941
9.727336,15.100605,18.595358,14.643045,10.912292,38.8535655413592,-35.2526412654395
9.7685904,12.648303,16.085206,19.736218,14.771376,-10.6587385378721,-37.5528772288871
9.7985872,10.408405,12.800688,22.127570,17.253111,-46.8297297578286,-39.3195719787423
9.8298688,8.535387,9.784092,22.888899,18.701377,-74.986976388064,-40.390740117489
9.8585776,7.019594,7.888796,23.191478,20.480119,-97.1947993094566,-38.3835182032999
9.9122736,5.938264,6.965956,22.664405,22.093623,-110.490737485134,-33.8952496258962
9.9398544,4.576947,7.065186,21.239354,25.359511,-120.836802705627,-21.8634050065837
9.9710848,4.470745,7.739951,20.185206,26.603659,-117.776943499401,-16.0799090616363
10.0410896,4.625220,8.593330,19.394596,26.934136,-111.27257826067,-12.7678129507051
10.07232,5.156231,9.317710,17.735290,26.613379,-100.847354518735,-9.52749745878272
10.10488,5.513456,9.833707,17.178935,25.524750,-92.9175472353372,-9.92501054185328
10.1436016,6.005847,10.826008,16.651861,24.572199,-81.8542172545505,-9.78102367960763
10.1736176,6.507893,11.996924,16.377276,23.882086,-71.0401659733726,-9.59107936322179
10.2048016,7.164415,12.919764,15.992986,23.075334,-60.3742472943241,-10.0574834296102
10.2547968,7.521640,13.485376,15.598843,22.229702,-52.7906732664602,-10.3952414159973
10.2848512,8.071960,13.961681,15.480600,21.393790,-45.4347236589184,-11.9573452310761
10.3148512,8.265054,13.941835,15.529868,21.004994,-43.6992152921898,-13.1560925351936
10.3561232,8.699517,13.882296,15.786061,20.645358,-41.7013079754622,-15.3995934973763
10.386048,9.018124,13.792989,16.071815,20.295441,-40.4859152217517,-17.4640647320125
10.4161104,9.356039,13.654067,16.249179,19.809446,-38.7174118616565,-19.6324204252691
10.4473376,9.539479,13.564760,16.328008,19.517849,-37.6865350976339,-20.8456917443177
10.4973168,9.655336,13.614375,16.495519,19.469249,-37.2916974693396,-21.456081493835
10.5372848,9.935323,13.683836,16.515226,19.197092,-35.0195184049884,-22.4431921174676
10.5686016,10.060835,13.733451,16.328008,18.886055,-32.7905426866723,-22.7613702095015
10.6198384,10.340822,13.862450,16.387130,18.516698,-30.0861470476333,-23.8990983567021
10.6598496,10.543571,13.872373,16.475812,18.089023,-28.1450979936863,-25.2464897242125
10.6910816,10.669083,13.981527,16.396983,17.933504,-26.4233108933848,-25.4263867283785
10.7323344,10.717357,13.921989,16.456105,17.914064,-26.5931161336404,-25.7909527264645
10.762352,10.852523,13.673913,16.623616,17.593308,-26.6062102772136,-27.4414312097358
10.7960832,11.035963,13.485376,16.643323,17.418349,-26.1490551615277,-28.5239558751409
10.8335344,11.132510,13.505222,16.573776,17.389190,-25.3437290217814,-28.5964946703754
10.868536,11.151819,13.465530,16.681143,17.408629,-25.824078691136,-28.8930499389783
10.8960944,11.344914,13.267070,16.944680,17.262831,-26.2104564342094,-30.4565641258707
10.9298624,11.518699,12.929687,17.217977,16.893474,-26.6167551380538,-32.68348654419
10.9773376,11.653866,12.681612,17.393668,16.786555,-27.3158974432291,-33.9791002912576
11.0073536,11.663520,12.542690,17.520557,16.844875,-28.4435124480405,-34.4025208793607
11.0385856,11.653866,12.493075,17.481514,16.893474,-28.7300343564844,-34.3093011212203
11.0873792,11.702139,12.552613,17.510796,16.912914,-28.4110763626659,-34.30784297883
11.1186,11.702139,12.423613,17.608402,17.097592,-29.8268380074363,-34.3903651709542
11.1498448,11.653866,12.314460,17.637684,16.912914,-30.0424847433557,-34.9235945670246
11.1898064,11.615247,12.304537,17.647445,17.000393,-30.5488256337386,-34.7163583259377
11.2210816,11.702139,12.244999,17.657205,17.000393,-30.458714214424,-35.0202392141773
11.2511024,11.615247,12.225153,17.676727,16.922634,-30.7500914946356,-35.0798430836091
11.3072944,11.605592,12.244999,17.666966,17.019833,-30.9693127393532,-34.8136209483867
11.342344,11.673175,12.364075,17.686487,16.922634,-29.9190056521542,-34.9403852626309
11.373632,11.789032,12.443459,17.706008,16.835155,-28.8649610569223,-35.2183649057315
11.407304,11.760068,12.443459,17.696248,16.728236,-28.6353812137212,-35.3520087139873
11.453568,11.779377,12.592305,17.559599,16.650477,-27.2513490086875,-34.9857705219943
11.4848528,11.875924,12.731227,17.501035,16.757396,-26.387856059563,-34.5823277824038
11.5173744,11.875924,12.860226,17.364387,16.669917,-25.1444540392832,-34.2363748774747
11.5648336,11.914543,12.870149,17.296062,16.621317,-24.5740980010334,-34.2531419014352
11.5961024,11.827651,12.751073,17.237499,16.553278,-25.0603877609779,-34.3313976642502
11.62612,11.740758,12.899918,17.198456,16.669917,-25.0367788642329,-33.5698643736873
11.6774352,11.837305,12.959456,17.130132,16.825435,-24.6415304638133,-33.2124298776696
11.7072944,11.740758,12.959456,17.217977,16.805995,-25.26584088722,-33.2325153867831
11.7398112,11.721449,12.939610,17.188695,16.757396,-25.1914282231421,-33.2680075431361
11.7785872,11.721449,12.929687,17.198456,16.757396,-25.2642365591742,-33.3062911349069
11.8102128,11.673175,13.038840,17.130132,16.728236,-24.7003420288358,-32.9227175682211
11.8423616,11.711794,13.108301,17.139892,16.786555,-24.4515490306452,-32.774261861271
11.8723312,11.682830,13.098378,17.061807,16.747676,-24.2523127659002,-32.6555467742064
11.932296,11.721449,13.088455,17.061807,16.689356,-23.9474931291392,-32.8624882255639
11.9623344,11.692484,13.187685,17.013004,16.825435,-23.9215204668071,-32.2598570783935
11.9961088,11.663520,13.157916,17.052047,16.825435,-24.2932279503666,-32.3363935272545
12.0335584,11.673175,13.108301,16.944680,16.854595,-24.2192538767169,-32.1810827789758
12.0635936,11.702139,13.128147,16.954440,16.786555,-23.828803265207,-32.3498324135211
12.0948304,11.663520,13.098378,16.983722,16.786555,-24.2120721512426,-32.3879906524769
12.136048,11.673175,13.128147,16.886116,16.874035,-24.0122148640485,-31.9897400700159
12.1661024,11.634556,13.227378,16.925159,16.874035,-23.8763461838851,-31.8024944474764
12.198592,11.653866,13.326608,16.915398,16.932354,-23.5251112921572,-31.5242021465401
12.2298464,11.605592,13.306762,16.866595,16.961514,-23.7525376017689,-31.3128336757603
12.267336,11.547663,13.207532,16.827552,16.874035,-24.0254718552447,-31.4709221127477
12.2986048,11.489735,13.177762,16.827552,16.912914,-24.5223467509486,-31.3372949317987
12.3298592,11.451116,13.217455,16.759228,17.058713,-24.7599953481235,-30.7719407885485
12.3698112,11.509045,13.356377,16.749467,17.155912,-24.1931131766496,-30.4268379966912
12.4010912,11.393188,13.296839,16.798270,17.243391,-25.3642118832879,-30.2395389339508
12.4310912,11.441461,13.286916,16.759228,17.291990,-25.2300613187866,-30.1861470140996
12.464848,11.383533,13.227378,16.632340,17.214231,-25.0963950628639,-30.0680626965216
12.5023376,11.325605,13.336531,16.681143,17.311430,-25.33121372282,-29.6651717938971
12.5323392,11.315950,13.386146,16.622579,17.369750,-25.1596112877275,-29.326509994213
12.5935904,11.238712,13.376223,16.593297,17.360030,-25.4114503527678,-29.145621470045
12.633632,11.258022,13.505222,16.564016,17.408629,-24.8374747337699,-28.797699222542
12.6636016,11.229057,13.455607,16.485931,17.398909,-24.8998056932663,-28.6877807605099
12.6960912,11.238712,13.445684,16.534734,17.398909,-25.0528879015998,-28.825827075011
12.7372928,11.315950,13.435761,16.427367,17.282271,-24.065600501351,-28.9978633680116
12.7673536,11.354569,13.425838,16.495691,17.262831,-24.0963012999329,-29.2709964584733
12.7985872,11.335259,13.544914,16.446888,17.262831,-23.5184270414299,-28.9115861453146
12.8398816,11.306295,13.683836,16.398085,17.253111,-22.8677887199079,-28.5143963432152
12.87984,11.277331,13.783066,16.398085,17.360030,-22.9063768466929,-28.0776383866867
12.9111568,11.258022,13.763220,16.633469,17.437789,-24.0486721043428,-28.4139225185832
12.9448464,11.103546,13.644144,16.564494,17.408629,-24.9052985653695,-28.2274878715446
12.9911472,11.026308,13.713605,16.534933,17.573868,-25.3591318489984,-27.5802292942379
13.0223104,10.997344,13.723528,16.613762,17.583588,-25.7138174462066,-27.6472202479424
13.0536048,11.016653,13.812835,16.534933,17.671067,-25.2780430267781,-27.2051097779058
13.0936224,10.871832,13.902142,16.505373,17.661347,-25.3929742326427,-26.7016837219093
13.1235904,10.804249,13.921989,16.475812,17.777986,-25.8648317939335,-26.2555134228169
13.1548096,10.707702,13.951758,16.367422,17.933504,-26.2947497544828,-25.4981670616233
13.2035536,10.601500,14.021219,16.406837,17.972384,-26.6919224268846,-25.1663443895035
13.2473408,10.514607,14.090680,16.209765,18.108462,-26.5795146465568,-24.2064751611945
13.2785888,10.427715,14.209756,16.190058,18.225101,-26.7388661259766,-23.5688018815506
13.3185968,10.331167,14.299063,16.121083,18.283421,-26.737207206655,-22.9606861470356
13.3486,10.282894,14.299063,16.121083,18.332020,-27.092273572966,-22.7736839527347
13.3798544,10.224965,14.338755,16.012693,18.487539,-27.3141630578492,-22.0817762589527
13.4111632,10.051180,14.368524,15.924011,18.545858,-27.8398461258393,-21.3655048324172
13.4598688,10.051180,14.497523,15.766354,18.643057,-27.1011859851809,-20.6389072213405
13.4939584,9.983597,14.527292,15.687525,18.643057,-27.0220566539265,-20.2695037996232
13.5210864,9.973942,14.725753,15.677671,18.740256,-26.4817178792229,-19.7296158232517
13.5710656,9.887050,14.715830,15.510160,18.808296,-26.5905212105971,-19.0747577790826
13.6023984,9.906359,14.666215,15.500307,18.740256,-26.4810202754718,-19.2922139274015
13.6335936,9.838776,14.676138,15.421478,18.769416,-26.575556939176,-18.9036550658573
13.673616,9.780847,14.844829,15.391917,18.895775,-26.3985180080891,-18.219424964598
13.7036064,9.751883,14.874598,15.431332,19.002694,-26.8435277734909,-18.0170614944601
13.7336112,9.761538,15.003597,15.322942,19.002694,-25.9199833751347,-17.5863042019363
13.76612,9.732574,15.023443,15.283528,18.954094,-25.6881185497384,-17.4813925806241
13.8048128,9.742229,15.043289,15.194846,19.061013,-25.6186796846357,-17.098039906517
13.8511136,9.693955,15.073058,15.096310,19.012414,-25.243374269009,-16.8004380635412
13.8910544,9.664991,15.112750,14.968213,19.031853,-24.8608700910738,-16.3511442627199
13.9260848,9.684300,15.192134,15.027335,19.002694,-24.5340681592628,-16.4460220000717
13.9560688,9.655336,15.192134,15.027335,19.002694,-24.6571232010932,-16.3809124827826
13.9873504,9.751883,15.241749,15.007627,18.924934,-23.7341062442478,-16.59923777771
14.0273136,9.684300,15.192134,15.007627,18.924934,-24.2310111846122,-16.528138312061
14.0573808,9.771193,15.251672,15.066749,18.983254,-23.9758419969101,-16.6640873927062
14.0885536,9.732574,15.172288,15.086456,18.983254,-24.5365293377241,-16.7507569998385
14.121088,9.722919,15.202057,14.997774,18.944374,-24.0548200277765,-16.5450223439072
14.1598064,9.771193,15.261595,15.017481,18.954094,-23.6900749883236,-16.5850109238862
14.1897872,9.703610,15.321133,14.948506,19.061013,-23.842121658039,-16.0090881436419
14.229832,9.742229,15.360826,14.938652,19.080453,-23.5414702334914,-15.9784695076659
14.2810736,9.655336,15.420364,14.869677,19.041573,-23.3208494827464,-15.5941703653844
14.3113024,9.597408,15.460056,14.780995,19.148492,-23.454716328067,-15.0274812176977
14.3422944,9.452587,15.549363,14.643045,19.226251,-23.5015151552387,-14.1175447641419
14.3835984,9.404313,15.618824,14.583923,19.333170,-23.5610921347039,-13.5928827892923
14.4136432,9.346384,15.747823,14.524802,19.488689,-23.5612959384246,-12.8784676737339
14.4438704,9.162945,15.777592,14.436119,19.585888,-24.2372462837526,-12.0528912610876
14.4936576,9.153290,15.817284,14.426266,19.595608,-24.1096167967677,-11.9312361464991
14.5460736,9.056743,16.055436,14.091244,19.828886,-23.1947076389999,-10.2028536363177
14.5761328,8.911922,16.095129,13.844904,20.033004,-23.5068296768245,-8.91201713506236
14.6185328,8.844338,16.164590,13.844904,20.139923,-23.8321682908404,-8.48832102960508
14.6473456,8.805719,16.263820,13.775929,20.188522,-23.5127079234157,-8.01300687044138
14.679872,8.689863,16.353127,13.628125,20.324601,-23.5882740035667,-7.05062345429441
14.708568,8.660898,16.412665,13.539443,20.421800,-23.4857328704618,-6.53914477228817
14.7610864,8.496768,16.472203,13.421200,20.538439,-23.9228434292055,-5.6011317667313
14.7898176,8.448494,16.660740,13.283250,20.567598,-22.990690669021,-4.83573185858575
14.8211232,8.390566,16.750047,13.184714,20.655077,-22.8238625357125,-4.20193399972425
14.8710288,8.390566,16.769893,13.105885,20.693957,-22.6151847535641,-3.92553989612119
14.901152,8.274709,16.908816,13.115739,20.800876,-22.8833981118025,-3.31990623491074
14.9323776,8.226436,16.879047,12.977789,20.830036,-22.8718593914676,-2.86090436369506
14.9735696,8.284364,16.978277,13.036910,20.839756,-22.4263321827516,-2.9985674125056
15.0023808,8.255400,16.908816,12.958082,20.761996,-22.3490541772115,-2.93718103514918
