0.035328,8.088786,21.596476,7.816924,20.421800,5.16320351443865,-0.803785276681957
0.0776288,8.117765,21.635707,7.797219,20.450959,5.37527667434071,-0.756407629103556
0.106448,8.175723,21.596476,7.757808,20.402360,5.78088996506783,-0.904219939983172
0.1376448,8.127424,21.625899,7.836629,20.314881,5.74554827644233,-1.05422305280825
0.1688976,8.233681,21.665129,7.816924,20.227402,6.68567692812486,-1.3532409950783
0.207648,8.281980,21.468978,7.816924,20.139923,6.48743154619248,-1.80162093076288
0.2390224,8.494493,21.351287,7.935157,20.101043,6.52503695072511,-2.91304731578019
0.2688912,8.649048,21.174750,7.954862,20.033004,6.63195749518359,-3.67901752769147
0.3101776,8.716666,21.076675,8.023832,19.994124,6.40525425120324,-4.21811586497125
0.3414576,8.919519,20.880523,8.082948,20.042723,6.01457696592511,-5.11883901145203
0.3726608,8.967818,20.811870,8.112506,20.062163,5.75240349651234,-5.39206129964185
0.426472,8.938839,20.733410,8.171623,20.091323,5.02300938026605,-5.53289181655575
0.4638928,9.035436,20.537258,8.201181,20.110763,4.4719928002858,-6.08861282723547
0.4951936,8.967818,20.517643,8.181476,20.120483,4.19051915255689,-5.85829827870639
0.52892,9.132033,20.498028,8.240592,20.130203,4.45700437038188,-6.48721873356978
0.5663856,9.228629,20.429375,8.230739,20.149642,4.5224410948504,-6.78382645276206
0.5964544,9.228629,20.370529,8.299709,20.120483,4.15587234999405,-7.0773599472677
0.6276576,9.189991,20.311684,8.319414,20.052443,3.98308941471467,-7.17632372405306
0.6676352,9.161012,20.164570,8.260298,20.062163,3.52380801229227,-7.09771867312054
0.69768,9.103053,20.203800,8.270150,20.149642,3.08340382587219,-6.8138982758144
0.7289232,9.228629,20.223416,8.319414,20.266281,2.98831068183864,-7.13294607576037
0.7689552,9.257609,20.311684,8.329267,20.237122,3.49140054080441,-7.1691017634078
0.8101792,9.276928,20.154762,8.309561,20.256561,2.98761669899557,-7.33154134037713
0.841432,9.286588,20.252838,8.240592,20.276001,3.57084269923624,-7.02930410386595
0.8701392,9.199650,20.233223,8.358825,20.285721,2.69525249382711,-7.12680082965532
0.9226608,9.305907,20.135147,8.358825,20.256561,2.83556224915104,-7.56900160928654
0.951376,9.305907,20.086109,8.329267,20.101043,3.35738926462445,-7.73333243741411
0.9926944,9.344546,20.007649,8.358825,20.042723,3.320202498046,-8.08513667416853
1.0427072,9.412164,19.889958,8.437647,20.120483,2.54038886916409,-8.53353608782531
1.075176,9.479782,19.791882,8.506616,20.237122,1.72663590627265,-8.88221849870861
1.1051696,9.537740,19.605538,8.546027,20.256561,1.02943806792648,-9.35016117286526
1.1588992,9.586038,19.507462,8.664260,20.246841,0.437336254225496,-9.93269882728242
1.1876752,9.605358,19.272081,8.733230,20.198242,-0.445820641048791,-10.5237528538902
1.2189008,9.643996,19.203428,8.723377,20.285721,-0.848447117233156,-10.5776711946922
1.270192,9.721274,19.272081,8.762788,20.285721,-0.449190110114683,-10.8049144840489
1.3002416,9.721274,19.213235,8.782493,20.276001,-0.706324138208784,-10.9435609161763
1.3301424,9.730934,19.252465,8.703671,20.207962,0.024909806783004,-10.7942940117906
1.3813888,9.750253,19.213235,8.752935,20.159362,-0.0519678013434252,-11.0886180320728
1.4114144,9.769572,19.252465,8.733230,20.023284,0.751477393764337,-11.2097643317568
1.4464384,9.837190,19.291696,8.703671,20.013564,1.29722043301405,-11.2744884483174
1.477672,9.991745,19.399579,8.772641,20.013564,2.00841407270268,-11.7341972472217
1.5138752,9.953106,19.379964,8.743082,19.887205,2.38151775866913,-11.7376625187908
1.5489248,9.904808,19.262273,8.772641,19.887205,1.65559411399669,-11.8372808920057
1.5764528,9.962766,19.321118,8.762788,19.877485,2.16213261806021,-11.9030186668838
1.6176304,9.904808,19.301503,8.733230,19.819166,2.20764785844882,-11.7686871518846
1.6464688,9.924127,19.429002,8.693819,19.790006,3.01059189906706,-11.5899475550081
1.687648,10.011065,19.379964,8.762788,19.828886,2.74122986163263,-12.018517035658
1.728896,9.914468,19.487847,8.674113,19.848325,3.04517292616868,-11.3631145856076
1.7589264,9.982086,19.389771,8.743082,19.848325,2.67161516202785,-11.8517704256373
1.7902336,10.011065,19.350541,8.792346,19.858045,2.41078276291454,-12.0974080873798
1.8215376,10.088342,19.350541,8.772641,19.770566,3.10091731218456,-12.3619140485932
1.8713824,10.098002,19.242658,8.812052,19.731687,2.73719680076597,-12.6803689301072
1.902616,10.233238,19.154390,8.871168,19.702527,2.79678033938775,-13.34603060443
1.9351408,10.204259,19.164197,8.861315,19.663647,2.91089298345381,-13.2812448648179
1.9851536,10.300855,19.154390,8.861315,19.663647,3.23024560634722,-13.5487065952447
2.0139472,10.397452,19.124967,8.851463,19.624768,3.6618023938278,-13.8657489590776
2.045168,10.368473,19.154390,8.821904,19.595608,3.8867934235126,-13.7115059426566
2.086464,10.252557,19.134775,8.920432,19.585888,3.0511850012121,-13.7039702453149
2.1163808,10.194599,19.232850,8.802199,19.692807,3.2417855358564,-12.9728810004063
2.15648,10.155960,19.291696,8.733230,19.721967,3.46736734346454,-12.5744760282339
2.197688,10.030384,19.468232,8.743082,19.721967,3.61701510148573,-12.0412436835798
2.2377072,10.001405,19.527078,8.713524,19.741406,3.76499666278965,-11.7859154071722
2.2714256,9.972426,19.556500,8.772641,19.741406,3.54203403641697,-11.8287852643003
2.3039216,9.982086,19.517270,8.654408,19.760846,3.80919638952675,-11.5645530547521
2.356416,9.982086,19.566308,8.713524,19.760846,3.76403600151774,-11.6600916292342
2.40024,9.904808,19.644768,8.654408,19.809446,3.80834406100184,-11.1358659085439
2.4426592,9.866169,19.576115,8.585438,19.858045,3.49218043479919,-10.8728825939598
2.4740816,9.730934,19.713422,8.585438,20.003844,2.94647035054899,-10.1563943604755
2.5038992,9.711614,19.762459,8.555880,20.033004,3.05715723231306,-9.92812522752916
2.5390112,9.672975,19.752652,8.506616,20.052443,2.99208119889264,-9.67931355638017
2.5764368,9.373525,20.046879,8.427794,20.149642,2.90325004776655,-8.17604364482195
2.6068192,9.267268,20.262646,8.398236,20.285721,2.90269127381725,-7.38441706481839
2.6364016,8.977477,20.350914,8.280003,20.334321,2.42461730002765,-6.10265941715133
2.6776848,8.890540,20.380337,8.211034,20.314881,2.54708088666106,-5.65907991925492
2.7089216,8.861561,20.488220,8.151917,20.450959,2.54683085618589,-5.13104469498301
2.738904,8.822922,20.527450,8.181476,20.567598,1.99720104135088,-4.92629768431375
2.7838768,8.803603,20.321491,8.151917,20.499559,1.53127752044774,-5.10632859739317
2.8114352,8.900200,20.243031,8.201181,20.470399,1.52273515782751,-5.63729207688509
2.8414288,8.832582,20.223416,8.161770,20.460679,1.38389193614495,-5.37365812588795
2.8713952,8.919519,20.380337,8.171623,20.499559,2.10440089605835,-5.41527378654007
2.9214656,9.016116,20.409759,8.191328,20.489839,2.53123478173003,-5.71428672023129
2.9638704,8.977477,20.282261,8.171623,20.470399,2.06623745750386,-5.72392144449937
3.0038944,9.054755,20.301876,8.171623,20.450959,2.49754885214003,-5.93760208327317
3.0451712,8.938839,20.252838,8.161770,20.412080,2.07209941841363,-5.69178345877847
3.0776688,8.900200,20.243031,8.191328,20.499559,1.44987059046609,-5.57593527709276
3.1073408,9.025776,20.233223,8.201181,20.499559,1.84183281451348,-5.96264146802881
3.1476144,8.977477,20.252838,8.260298,20.538439,1.36671507586388,-5.92420214545417
3.1776784,8.958158,20.262646,8.220887,20.596758,1.26043874476262,-5.68251848921064
3.2076608,8.948498,20.184185,8.171623,20.538439,1.33837466871174,-5.67859120139538
3.2406368,8.977477,20.243031,8.250445,20.509279,1.47712281799987,-5.94248552813439
3.2801888,8.948498,20.301876,8.201181,20.480119,1.88326152658581,-5.69133131780799
3.3101792,9.006457,20.223416,8.142065,20.489839,1.99394314508165,-5.76830391300255
3.3410384,8.987137,20.292069,8.191328,20.499559,1.95372286503607,-5.75981757138037
3.3813728,8.977477,20.341106,8.122359,20.518999,2.2862077264743,-5.46234422253375
3.4214224,9.045095,20.321491,8.191328,20.509279,2.23960296266341,-5.8744079959646
3.452648,8.987137,20.380337,8.191328,20.441240,2.49976413205554,-5.72493039771241
3.4889568,9.045095,20.360722,8.260298,20.480119,2.2340710287881,-6.05284918945326
3.5240192,9.064415,20.174378,8.201181,20.295441,2.53957754960507,-6.37852844421888
3.5539024,9.122373,20.095917,8.240592,20.363480,2.05630854144345,-6.6599390657938
3.5976736,9.132033,20.076302,8.289856,20.276001,2.16412587320025,-6.94955830808531
3.6464096,9.315567,20.105725,8.348972,20.295441,2.65315615386549,-7.55717573129888
3.6764624,9.276928,20.115532,8.378531,20.285721,2.47211066624099,-7.53225864616938
3.7114256,9.363865,19.978226,8.319414,20.188522,2.87831145647538,-7.88962901217063
3.7601648,9.499101,19.919381,8.378531,20.149642,3.0829058077743,-8.53812184863062
3.7889536,9.479782,19.850728,8.388383,20.159362,2.68455263792467,-8.58395948582703
3.8189264,9.576378,19.968419,8.398236,20.033004,3.91489830253306,-8.88387386887394
3.8688832,9.566719,19.889958,8.408089,20.062163,3.44326901128519,-8.94455986776148
3.9014,9.595698,19.938996,8.417942,20.149642,3.3601716602575,-8.88342542525079
3.9414912,9.537740,19.840920,8.398236,20.120483,2.97218093241035,-8.82774953569844
3.9915344,9.595698,19.811497,8.417942,20.139923,2.92879833163079,-9.05076136481049
4.021432,9.557059,19.742844,8.447500,20.159362,2.34766014771819,-9.08633646506639
4.05264,9.615017,19.733037,8.408089,20.217682,2.4538661294412,-9.07727904949681
4.093984,9.566719,19.654576,8.427794,20.149642,2.1682753906164,-9.17921278921193
4.1227232,9.624677,19.723229,8.467205,20.256561,2.08342557766632,-9.22787478704939
4.1538928,9.547399,19.752652,8.477058,20.246841,1.90628691966429,-9.02135549714249
4.185208,9.605358,19.801690,8.467205,20.266281,2.26470159173552,-9.06798347028634
4.2301536,9.508761,19.625153,8.467205,20.169082,1.62144755701852,-9.14106869041895
4.2776544,9.363865,19.595731,8.447500,20.169082,1.04635208926994,-8.72832935420863
4.3067936,9.479782,19.654576,8.467205,20.237122,1.36621734527041,-8.94283162341143
4.3589072,9.460462,19.723229,8.486911,20.295441,1.25552034561585,-8.78891041879457
4.3876448,9.363865,19.742844,8.526322,20.334321,0.675565709924521,-8.56238999868982
4.4214816,9.392844,19.860535,8.437647,20.382920,1.37006602731262,-8.19886525463543
4.4589232,9.354206,19.762459,8.437647,20.324601,1.08226087465421,-8.28254560588876
4.490736,9.296247,19.811497,8.496764,20.324601,0.826836511340756,-8.22637370297191
4.5214224,9.276928,19.811497,8.457353,20.334321,0.86653805086825,-8.05432325891388
4.566472,9.247949,19.840920,8.378531,20.363480,1.05506301249287,-7.68876934559142
4.6026448,9.161012,19.831112,8.378531,20.489839,0.219598681051666,-7.31062444947731
4.6326736,9.180331,19.889958,8.467205,20.509279,0.106407766304724,-7.51301294560884
4.66764,9.112713,19.889958,8.358825,20.548159,0.114275025272813,-6.98420823459064
4.7051328,9.112713,19.938996,8.348972,20.538439,0.370468773317056,-6.9104533736864
4.7339232,9.122373,19.840920,8.319414,20.557878,0.0784429336402288,-6.94907489102711
4.7664736,9.151352,19.674191,8.408089,20.616198,-0.98724778298347,-7.40178986585848
4.8151824,9.325226,19.478040,8.457353,20.723117,-1.6518641130767,-8.11937811206335
4.8464384,9.672975,19.017084,8.752935,21.238272,-5.04394477782963,-9.78781137694283
4.8964208,9.846850,18.350168,8.772641,20.936955,-5.89865069264165,-11.5077378843975
4.9376656,10.387793,17.349796,8.841610,21.004994,-8.17275229888728,-14.3331187969781
4.9676304,10.484390,17.143836,8.812052,20.985554,-8.42219609087412,-14.8092449134126
4.9989504,10.812819,17.212489,8.674113,21.131353,-6.90780182569199,-15.0238007571409
5.0390192,11.092950,17.644023,8.073095,21.403510,-2.9942002590572,-13.2618030402807
5.0689264,11.431040,18.006903,7.422814,21.354911,2.21184463676755,-12.0364182899982
5.1001824,11.720830,18.438437,6.890766,21.043874,8.04711451287755,-11.2403999217679
5.1351648,11.904365,18.673818,6.683858,20.674517,11.7884654688504,-11.3467965534282
5.1714048,12.310072,19.644768,6.260190,19.323451,23.72944878941,-11.7817167360592
5.2026544,12.657821,20.488220,6.171515,18.390340,31.9614268212446,-12.5892730270598
5.236408,12.773737,21.263019,6.191221,17.525268,38.444197843152,-13.0662698947834
5.2739104,12.715779,21.880896,6.141957,17.000393,42.706022872781,-12.6613101800698
5.3051648,12.522585,22.233969,6.368570,16.397759,44.8843818493862,-13.0735761044783
5.3376496,12.232794,22.832231,6.683858,15.650924,47.7723371905164,-13.3354055827874
5.3751952,11.701511,23.401070,6.979440,15.611832,46.7060524182284,-12.0209798023351
5.416432,10.600306,23.626645,7.521342,16.339440,38.392505675126,-9.32506835019535
5.4464608,10.078683,23.155881,7.935157,16.689356,31.9740577002202,-9.18133696839575
5.4789392,10.020724,22.106470,8.683966,16.699076,25.1452199973622,-12.3507996118032
5.5414768,10.107662,21.047252,9.639682,16.728236,17.7734630562221,-16.4672705807351
5.57896,10.609966,19.321118,11.393472,16.349160,7.97172125405525,-25.1814549523636
5.6138304,11.054312,17.428256,13.216230,15.846385,-2.42575083098141,-34.3582481172712
5.6501472,11.295804,17.079891,14.457676,15.836612,-7.32332486369471,-38.2775689565604
5.680184,11.537296,15.740340,15.600595,15.602059,-14.7742759522314,-43.9996763581411
5.7114416,11.614574,13.726053,16.398085,16.339440,-27.8171412062983,-48.1663872017744
5.7526352,11.450359,11.890373,17.354626,16.854595,-41.1301653980742,-52.314726867138
5.7826336,11.392401,10.481364,18.037870,17.272551,-51.1147978726844,-55.5377518556033
5.8139296,11.034992,9.548640,18.740634,18.604178,-62.8861847147813,-55.389438469354
5.8489424,10.078683,8.863980,19.375075,21.024434,-78.5251781805638,-51.3608358054585
5.883896,8.088786,7.881643,20.585392,23.561329,-101.714791864942,-46.9453806473676
5.915192,7.586482,7.643501,20.975817,24.008445,-107.224815283306,-46.3463963141886
5.9576816,6.910303,7.206907,21.824991,24.212563,-115.126373892652,-47.1090269996512
5.9976928,6.890984,6.294028,23.210999,22.142223,-119.215579120137,-55.4397616286005
6.0276688,7.074518,6.155111,23.864961,21.131353,-118.360693019022,-59.3480406416743
6.0589712,7.200094,6.026117,24.040652,21.024434,-118.496384690652,-60.3905819203115
6.1001456,6.939282,5.956659,24.226104,21.733987,-121.86885846322,-58.9261661902925
6.1301728,6.089229,5.698672,24.235865,24.202843,-131.994190294346,-52.9976115683518
6.1814016,5.509648,5.589523,24.050413,25.476150,-137.471167454001,-49.3646998772349
6.2326928,4.988024,5.133084,24.148019,25.767747,-143.747660051182,-48.8448014141809
6.2639232,4.620956,4.865174,23.982089,25.524750,-147.116618846959,-48.7428135868358
6.2939424,4.505039,4.825483,23.767355,25.378951,-147.654277601092,-48.4293458215127
6.3351424,4.620956,4.765948,23.425733,23.891806,-145.064258467842,-50.9673397479592
6.3663936,5.007344,5.133084,23.415972,23.561329,-139.870568434644,-51.6547628643537
6.3976864,5.596585,5.490297,23.933285,23.658528,-134.931486351823,-52.9361266936918
6.427688,5.982973,5.559755,24.089455,22.540739,-130.827178502957,-56.0601869022871
6.4676528,6.282423,5.758207,24.040652,21.976985,-126.944139768814,-57.2772634650759
6.4976896,6.668811,5.668904,24.265147,20.732837,-123.568864870173,-61.2072002303451
6.528928,7.161455,5.639136,24.899587,19.858045,-120.446950938477,-65.1962420314742
6.5701424,7.576822,5.539910,25.563309,18.886055,-118.082175862403,-69.4527836897586
6.6002416,7.808655,5.470452,25.836607,18.098743,-116.246950286508,-72.2724364521751
6.6314256,7.818314,5.539910,25.660916,18.254261,-115.752230959673,-71.4734905533251
6.6614176,7.344989,5.768130,24.733656,19.828886,-118.296723968306,-65.0072366700787
6.7126464,5.751140,5.470452,23.142675,23.133653,-132.236937591927,-52.7702405657717
6.7439408,5.306794,5.123161,23.601424,23.357211,-138.048888305735,-53.045737068131
6.777696,5.364752,5.400994,23.806397,23.444690,-136.394917781481,-52.835361302857
6.8189584,5.702841,6.423021,23.084111,24.960995,-129.483795999981,-47.2754379752559
6.8551968,5.818758,7.603810,20.848929,26.516180,-121.13243651529,-38.2199362065138
6.8863936,5.722161,7.117603,20.478025,25.048474,-121.489498974785,-40.5433599609713
6.9264112,5.673862,6.284105,21.171029,23.357211,-125.07860839843,-46.5521181555824
6.9579872,5.799438,5.807820,22.674165,22.783737,-128.669704488191,-51.9602012874145
6.987736,5.925014,5.331536,24.792220,23.123933,-134.372943709975,-56.5532750400146
7.0201536,5.712501,4.835406,25.924452,23.269732,-140.294116201795,-58.9352582399185
7.0589472,5.345433,4.468270,25.904931,22.696257,-143.999454826058,-60.1695828807967
7.0902224,5.210197,4.428579,25.778043,22.268582,-144.39256946554,-60.676026441008
7.1201552,5.161899,4.369044,25.475464,21.918665,-144.246440489537,-60.9065965716206
7.1626464,5.190878,4.279740,25.026475,21.043874,-142.910075212015,-62.2404285189194
7.1926528,5.953993,5.043780,25.436421,21.656228,-134.767192657631,-61.4005638022963
7.2227968,6.166507,5.400994,25.582831,22.608778,-132.928159642818,-59.3296537185615
7.2564352,6.127868,5.311690,25.475464,22.793456,-133.784910906361,-58.874840952749
7.2939328,6.060250,4.964400,25.875649,21.500709,-135.003890428279,-62.8749374968673
7.3252096,6.282423,4.894941,25.904931,20.655077,-132.919092801004,-65.3009765246319
7.355192,6.552894,5.361303,25.992777,21.704827,-130.202749919601,-62.6747641565471
7.3963728,6.446638,5.460529,25.895171,22.258862,-130.900962209671,-60.9694823416448
7.4314368,6.214805,5.053703,25.690197,21.403510,-133.140328699143,-62.8371073150237
7.4676608,6.224465,5.400994,24.967911,21.345191,-129.861364170766,-60.9441723285115
7.5026192,6.407999,5.698672,24.841023,21.938105,-127.720494893523,-59.1889681151379
7.5376368,6.784727,6.333718,23.864961,21.490989,-119.602024862337,-57.7033402552138
7.5689968,6.968261,6.214647,23.201239,20.373200,-116.171473006861,-59.3897696915186
7.6001472,6.977921,6.462712,22.566798,20.499559,-113.750999508213,-57.405798210488
7.650128,7.277371,6.790157,23.337887,21.675667,-113.6437943132,-56.3432825002057
7.6801632,7.190434,6.631396,23.767355,21.549309,-115.542836824982,-57.5491645652976
7.7114288,7.074518,6.690931,23.494057,21.597908,-115.474324215111,-56.6114226721587
7.7526448,6.977921,6.879461,23.269563,22.239422,-115.671984503433,-54.3630683019696
7.7839312,6.591533,6.423021,23.113393,22.307461,-120.307032076379,-54.0968536797706
7.8139504,6.330722,6.363486,23.445254,22.997574,-123.796770595273,-52.9956821767801
7.8476912,5.915355,6.254337,23.435494,24.591639,-129.206009099117,-49.3643844359628
7.8864176,5.442030,5.599446,23.952807,24.581919,-136.493985001398,-50.6908043432788
7.9164448,5.065302,4.924709,24.606768,24.047324,-142.982000404083,-53.5566606837516
7.9476816,4.978364,4.815561,24.870305,23.950125,-144.393103468018,-54.3021514488956
7.98764,5.045982,4.894941,25.270491,24.261162,-144.366909796355,-54.4200928864002
8.0176752,5.065302,4.855251,25.329054,24.319482,-144.63224643042,-54.5298863714455
8.0489536,4.949385,4.924709,24.567726,24.280602,-143.93510623305,-52.8011478878352
8.1051376,5.287475,5.440684,23.845440,23.775167,-137.130931614754,-52.0337997102764
8.1402336,5.635224,5.996350,23.084111,23.619648,-130.406913335247,-50.443562702715
8.1714032,5.596585,6.264260,22.439910,23.930685,-128.548050831499,-47.9702294254096
8.212688,5.471009,6.303950,22.098288,24.970715,-130.098084751307,-45.0173288671532
8.2426592,5.084621,6.581783,21.278396,25.932986,-130.946196594633,-40.2847307984853
8.2743808,5.055642,6.323795,21.610257,25.087354,-131.902779059096,-42.8813414583933
8.30792,5.277815,6.542093,21.795709,25.203993,-129.731323175395,-43.1398113868812
8.3551952,5.297134,6.829848,21.297917,25.476150,-127.594229591139,-41.1425912003012
8.3852128,5.181218,6.829848,20.595153,25.563629,-127.336461538376,-39.2277773933949
8.4152128,4.968705,6.651241,20.429222,25.456710,-129.249160595493,-38.8938451957829
8.4476864,4.930066,6.522247,20.624434,25.796907,-131.05936669879,-38.870767859701
8.4876512,4.765851,6.641318,20.966056,26.671698,-133.090131581875,-37.5587382818795
8.5201264,4.881768,6.909229,20.517068,26.399541,-129.77855460595,-36.8361156825086
8.5476992,4.746532,7.266442,18.808959,26.020465,-125.233989554736,-32.6790426151405
8.598912,5.074961,8.000714,18.525901,26.720298,-119.66551752191,-30.4596179352648
8.628952,5.306794,7.693114,18.545422,25.281752,-117.689278601316,-33.895020333403
8.6601808,5.403391,8.099940,18.516140,25.855226,-115.715849637287,-32.427917161739
8.7014512,5.519307,8.338083,18.486858,26.438421,-114.668308715576,-31.3084146403313
8.7513984,5.857397,7.881643,19.941191,25.408111,-116.06363004059,-37.7430215558532
8.7826976,5.886376,7.544275,20.712280,25.019315,-118.446452971605,-40.7019804303055
8.8326416,6.137528,7.524430,21.288157,24.873516,-117.858997924083,-42.7206899454139
8.8639552,6.282423,7.663346,21.073423,24.669398,-115.576420240247,-42.6903976820097
8.8939408,6.243784,7.812185,20.663477,24.620799,-114.178418557957,-41.5802378969724
8.9352368,6.050590,8.060250,19.785021,25.009595,-113.018028591003,-38.1953935790014
8.9664368,5.799438,8.457154,18.486858,25.787187,-111.275543311927,-32.800576402326
8.9964432,5.702841,8.576225,18.135476,26.370381,-111.566224681589,-30.6538361799465
9.0289328,5.557946,8.338083,18.477098,26.457861,-114.467759203292,-31.343858694044
9.0676512,5.074961,7.663346,18.779677,26.341222,-121.41399609023,-32.1974313754339
9.1014512,5.113600,7.534352,19.248187,26.253743,-122.563330750704,-33.716022757704
9.1289488,5.277815,7.385513,19.609330,25.515030,-121.857830976408,-36.387498563363
9.1701344,5.519307,7.316055,19.911909,24.523600,-119.700900666426,-39.4395812434189
9.2039168,5.896035,7.762572,19.453160,24.309762,-113.747648572499,-38.8482700463697
9.2314848,6.224465,8.139631,19.101777,24.368081,-109.200175568343,-38.0400103370748
9.2639328,6.321062,8.288470,19.277469,24.504160,-108.406390953005,-38.150437107464
9.3026544,6.494936,8.437309,19.833824,24.834636,-108.260481836863,-38.9154075423556
9.35272,6.823366,8.149553,20.741562,23.726567,-107.672806869945,-43.9275459835996
9.3927696,7.373968,7.177139,22.029964,20.392640,-106.155098665445,-55.8658386066588
9.4252768,7.644440,6.849693,22.605841,19.304011,-105.475442922161,-60.4755686084996
9.4563984,7.798995,6.442867,23.230521,18.293141,-106.160331229155,-65.0614931902824
9.4876736,8.108105,6.115421,24.040652,17.223951,-105.750590541559,-70.2946635439255
9.5389648,8.880881,5.976504,26.090383,16.796275,-105.333740231537,-76.2784464177699
9.568944,9.740593,5.619291,28.442693,15.357733,-104.322990697389,-85.3517482529196
9.600184,9.721274,5.410916,28.471975,14.878854,-104.706863791262,-87.0947990931194
9.6439312,9.962766,5.410916,28.872160,14.927719,-104.247197649623,-87.8296103953142
9.6714496,9.682635,5.361303,28.471975,14.888627,-105.210600731054,-87.1440377050628
9.702656,9.672975,5.549833,28.354847,15.308868,-104.808240508908,-85.4340028744868
9.7414928,9.798551,6.055885,28.667187,17.107312,-105.35145056174,-80.5021798226118
9.7852688,9.701954,6.403176,28.881921,18.779136,-107.382655928631,-76.1549036559837
9.8139488,9.402504,6.313873,28.110832,18.526418,-107.604802854791,-75.3657353088452
9.845224,9.247949,6.174956,27.310461,17.787706,-106.39977663311,-75.9217111948041
9.8964256,8.871221,5.966582,26.373441,17.418349,-107.161110432565,-75.256024503012
9.9264512,8.687687,5.817743,25.787804,17.107312,-107.322008939356,-75.1355093250575
9.9563952,8.446194,6.016195,24.977672,17.515548,-106.794421546651,-71.9955047563988
9.9989824,8.011508,6.442867,23.747834,19.031853,-107.38997309501,-64.7136797125518
10.0489408,7.557503,6.690931,22.586320,19.955244,-108.105105706733,-59.2169989307014
10.078928,6.765408,7.306133,20.429222,21.675667,-108.282012232395,-48.5690967737089
10.1201536,6.736429,7.673269,20.009515,21.597908,-105.35967578327,-47.0567569692824
10.1514592,8.639388,11.612540,17.598642,20.392640,-66.1836802871041,-40.9077396924486
10.181456,10.503709,17.099736,14.881344,19.177652,-22.9092320641384,-32.0583589515101
10.2164816,11.643553,21.125713,11.019067,15.729109,21.6587895532424,-25.0120261184885
10.2526528,12.078239,24.793746,8.013979,12.855833,59.7558939906051,-17.5322279580014
10.2838912,12.725438,27.343716,6.457245,10.764401,86.0965053799686,-14.537096930672
10.313936,13.343659,28.991389,5.442412,9.366855,104.042183221694,-13.1503483245192
10.3551504,13.633450,29.834841,4.673897,8.526373,115.394315866843,-11.8535259071952
10.385232,13.285701,30.442910,4.161554,8.536146,118.817877711737,-8.69440681031618
10.4164496,13.131146,30.864636,3.994058,8.887976,118.18806682264,-6.84380520247318
10.4476944,13.131146,30.766560,4.240376,9.376628,113.740802462423,-7.06008198771135
10.487688,13.111826,29.609266,5.205946,9.992330,102.635593825347,-10.3038764332528
10.517712,13.247062,28.961966,5.609908,10.031422,99.1838662630229,-12.5149840491431
10.548968,13.469235,27.412369,6.516361,10.109607,91.0722580212363,-17.4326375002255
10.5889104,13.836303,26.156999,7.156790,9.728458,87.7140188963031,-22.347512667509
10.6214,13.932900,24.715286,7.846482,10.060741,79.1551039699108,-25.998212164182
10.6626704,13.942560,24.038563,8.437647,10.783947,70.7573276785401,-27.3994198695849
10.7014224,14.386906,23.577607,9.639682,11.077138,63.3904939853131,-31.5485590586962
10.7314512,14.753974,22.371275,10.299817,10.705763,59.7919573050617,-36.4615000311205
10.7626816,14.811932,21.243403,10.447608,10.559167,56.8524565406868,-39.124021703073
10.7927008,15.014786,20.880523,10.713632,11.018500,52.9660484878634,-39.9889973671312
10.8451936,14.995466,20.272453,10.950098,11.731932,46.7772025515316,-40.276835066237
10.8739712,15.150021,19.723229,11.551116,11.898074,42.1640444627012,-42.578631870161
10.9039312,15.256278,18.977853,12.102869,11.370330,40.1282189791773,-46.2910420935706
10.9451744,15.265938,18.467859,12.142280,11.223734,39.0670890203328,-47.6370711848518
10.97644,15.304577,18.193247,12.280219,11.507152,36.4556024336279,-47.9856955816244
11.0064144,15.314236,18.085364,12.309777,11.858982,34.471391375937,-47.6009898476075
11.0389184,15.449472,17.948058,12.506832,11.976259,33.1006197811486,-48.3196983248692
11.077688,15.372194,17.702868,12.634918,11.937166,31.6903810171576,-48.966655921054
11.1101536,15.304577,17.428256,12.674329,11.927393,30.4602826052406,-49.458417183519
11.13892,15.275598,17.398833,12.674329,12.005578,29.9341095210047,-49.3048404850269
11.1814352,15.391514,17.310565,12.763004,12.005578,29.6431332086622,-49.891613676284
11.2114928,15.459132,17.330180,12.930500,11.995805,29.2518673717945,-50.3463518830126
11.2419056,15.584708,17.349796,13.078291,12.005578,29.0517816608849,-50.8353961415266
11.2901664,15.604027,17.408641,13.206377,11.858982,29.3820700372668,-51.2983744722286
11.3351552,16.038713,17.163452,13.580782,11.428968,30.2255239392834,-54.2072238107244
11.364256,16.251227,16.741726,13.777837,10.989181,30.5895700902129,-56.7316760457076
11.4002016,16.376803,16.408268,13.945333,10.764401,30.1646851643514,-58.4405632037894
11.4351728,16.347823,17.000510,14.093125,10.656897,31.7976277155554,-57.6576734372335
11.4664496,16.270546,16.931052,14.122683,10.725309,30.9118991808703,-57.5706046592853
11.4964416,16.376803,17.069968,14.300032,10.959862,29.948322269047,-57.3359455102435
11.5377712,16.357483,17.089814,14.300032,11.184642,29.0090453796268,-56.805710591914
11.5689024,16.338164,17.030278,14.260621,11.419195,27.9468283296341,-56.3453526760091
11.6001632,16.260886,16.861594,14.309885,11.399649,27.0359535695655,-56.6710593986304
11.628936,16.251227,16.831826,14.270474,11.448514,26.8698837879706,-56.5411824445477
11.6714,16.164289,16.792136,14.240916,11.468060,26.5026743300817,-56.3640714290835
11.7017488,16.144970,16.871516,14.221210,11.468060,26.7784593311364,-56.1312755500818
11.7338992,16.202928,16.950897,14.142388,11.380103,27.9141332267477,-56.1093778358848
11.783016,16.193268,16.990588,14.132536,11.380103,28.0515622734944,-55.9930490837455
11.8142576,16.260886,17.109659,14.102977,11.174869,29.6306639791035,-56.2376255365755
11.8439472,16.483059,17.208885,14.181799,11.086911,30.6861490617243,-56.7764035641128
11.8876432,16.531358,17.189040,14.290179,10.950089,30.8950609674247,-57.3822559085942
11.9267648,16.579656,17.149349,14.349296,10.774174,31.4136352456227,-58.0174955020404
11.9564064,16.444870,17.258498,14.418265,10.451663,32.4069077393851,-58.3324082061855
11.991872,16.444870,17.218807,14.408412,10.363706,32.6990638904297,-58.5766492435317
12.028928,16.492898,16.970742,14.408412,10.099834,33.2010749008521,-59.7288638404941
12.0591632,16.348816,16.702832,14.309885,10.070514,32.444307302029,-59.9080904748185
12.0892448,16.782510,16.742523,14.378854,10.363706,32.3888343812348,-60.1296730894786
12.1314672,16.772850,16.921129,14.447823,10.549394,31.8371433258762,-59.4800167487006
12.1642064,16.705232,16.970742,14.516793,10.842585,30.2559456677366,-58.7781908930357
12.1926992,16.589316,17.060046,14.506940,11.028273,29.4384826492856,-57.9896592086595
12.2277152,16.541017,17.040201,14.546351,10.930543,29.4660273272504,-58.2118667684765
12.2642592,16.521698,16.940975,14.408412,10.862131,29.9540327979577,-58.2652919930027
12.2955008,16.444420,16.970742,14.339443,10.842585,30.1756359788598,-57.9749741717513
12.3257872,16.473399,16.950897,14.428118,10.881677,29.6674396270449,-58.1525066507067
12.3764064,16.550677,16.950897,14.437971,10.754628,30.4051233071175,-58.572553389672
12.406408,16.386462,16.980665,14.388707,10.793720,30.0212898149215,-58.0385715485262
12.437712,16.598975,17.109659,14.437971,10.823039,30.770983331145,-58.1969654599801
12.4776624,16.608635,17.030278,14.487234,10.725309,30.7550782352351,-58.6662353146118
12.5090208,16.647274,17.119581,14.497087,10.705763,31.1982302724789,-58.6121496888033
12.541488,16.608635,16.921129,14.497087,10.598259,30.9044823661689,-59.1696774563045
12.608976,16.753531,16.990588,14.635026,10.490755,31.4513445882984,-59.7620534360686
12.6401856,16.647274,16.623451,14.851786,10.148699,30.4836699820541,-61.4434192393382
12.6702,16.714892,16.772290,14.960166,10.246429,30.3006121841526,-61.2397713950518
12.7139696,16.792169,16.811981,14.960166,10.265975,30.5882553981626,-61.2537447640132
12.7415136,16.724551,16.921129,14.802522,10.305068,31.2185616228957,-60.5409053882404
12.7714128,16.676253,16.980665,14.871492,10.324614,30.8809554003362,-60.4136173736048
12.8139776,16.637614,16.990588,14.782817,10.510302,30.3828995810288,-59.779303926357
12.853976,16.589316,16.841749,14.782817,10.412571,30.169840889037,-60.2029865781474
12.8851776,16.521698,16.861594,14.851786,10.393025,29.810063131161,-60.2048072853176
12.9164592,16.589316,16.802058,14.901050,10.393025,29.6287705204944,-60.5396820502742
12.9689136,16.512038,16.722677,14.910903,10.471209,28.7599637438228,-60.4206467313776
12.997672,16.521698,16.692910,14.999577,10.598259,27.7953504430806,-60.3953305016192
13.0289472,16.579656,16.593684,15.019283,10.617805,27.4998940188905,-60.7006113124693
13.0688928,16.589316,16.504380,15.117810,10.529848,27.200021118668,-61.26458409355
13.098976,16.637614,16.415077,15.147369,10.510302,27.0263781029725,-61.6319054611867
13.1301888,16.705232,16.464690,15.236043,10.461436,27.238367354525,-61.9079541341233
13.162696,16.734211,16.325774,15.295160,10.363706,27.0449195288714,-62.5629972934344
13.2089248,16.329605,16.216625,15.305013,10.314841,25.5372109956465,-62.1975326116121
13.2429632,16.492898,16.157089,15.305013,10.226883,26.2435951289312,-62.8037606016835
13.2764512,16.598557,16.117399,15.462656,10.158472,26.0867931188138,-63.5013243255305
13.3139808,16.694611,16.008250,15.482362,9.982557,26.6961029467471,-64.3197824809401
13.3451952,16.742638,16.018173,15.472509,10.002103,26.8442125265498,-64.3227419136114
13.3764384,16.752244,15.978483,15.531626,10.031422,26.376919164492,-64.4652786917029
13.4093728,16.829087,15.849489,15.600595,9.963011,26.2045708762914,-65.1479424481438
13.4477072,16.829087,15.750263,15.620300,9.875053,26.1653727457266,-65.5914147959407
13.4789392,16.790665,15.621269,15.669564,9.992330,24.9207792791987,-65.635900914945
13.5126944,16.857903,15.512121,15.728681,9.963011,24.658645135037,-66.1586640792321
13.5601904,16.944352,15.452585,15.797650,9.923919,24.6232713124249,-66.6433335620269
13.5914656,17.050012,15.363282,15.915883,9.923919,24.187189577666,-67.2228712133269
13.6214544,17.011590,15.353359,15.837061,9.816415,24.800892419448,-67.2840102541468
13.6614096,17.069223,15.323591,15.866619,9.826188,24.729181143938,-67.4769199902328
13.6929216,16.867509,15.293823,15.738533,9.875053,24.2929109758681,-66.8706640348996
13.7255456,16.723428,15.492275,15.738533,10.021649,23.8634616395992,-65.8580043049095
13.755168,16.886720,15.770108,15.787797,10.158472,24.5476522484351,-65.3186401201036
13.7951776,16.877114,15.720495,15.817355,10.138926,24.3125092517142,-65.503162127142
13.8301968,16.829087,15.591501,15.896177,10.060741,23.7278355113861,-66.0080846005943
13.8776672,16.781060,15.402972,15.787797,9.796869,24.4890113475594,-66.7377595164528
13.9176848,16.550530,15.105294,15.896177,9.738231,22.5114926289763,-67.3251682784475
13.948944,16.761849,15.512121,16.083380,9.914146,23.0758356263084,-66.7099975154763
13.9789472,16.829087,15.651037,16.290287,10.070514,22.2720468584178,-66.5285811027842
14.0314288,16.973168,15.780031,16.438079,10.050968,22.6488007871522,-66.7825284472637
14.0614512,17.001985,15.700650,16.477490,9.728458,23.6330743958027,-67.7749233010976
14.0914784,16.896325,15.492275,16.300140,9.396174,24.7007093775176,-68.5015143226505
14.1326576,16.838693,15.313669,16.260729,9.093210,25.3512737551267,-69.427862634651
14.1614336,16.877114,15.561734,16.319846,9.102983,26.0082545201459,-69.0062013290009
14.1930528,16.925141,15.641114,16.339551,9.259352,25.6901397140205,-68.589189194762
14.2239296,16.934747,15.670882,16.359257,9.278898,25.6555833479627,-68.5279077564053
14.2639392,16.896325,15.889179,16.300140,9.386401,26.0413312080009,-67.6387884439643
14.293952,16.973168,16.067786,16.300140,9.366855,26.9498280753217,-67.4170837591319
14.3252416,16.915536,16.047941,16.221318,9.298444,27.312542624984,-67.3816174130767
14.3651312,16.905931,15.909024,16.191760,9.220259,27.2821947433914,-67.7968270649359
14.39644,16.905931,15.829644,16.122791,9.151848,27.6015083835844,-68.0100222645767
14.4264864,16.896325,15.889179,16.142496,9.220259,27.3932248280685,-67.7414391625019
14.4601696,16.838693,15.958637,16.063674,9.239805,27.6807398421676,-67.3117608528349
14.51268,16.944352,16.137244,15.994705,9.278898,28.7244930886076,-66.8922556930414
14.543072,16.963563,16.077709,15.984852,9.308217,28.5129443113022,-66.9748492312593
14.57024,16.953958,16.186857,15.915883,9.337536,28.9995168272527,-66.5359704492789
14.6214384,17.011590,16.087631,15.935588,9.278898,29.0300206445035,-67.0155800700023
14.6514256,17.021196,15.968560,15.915883,9.239805,28.9260747584206,-67.3487589617669
14.6826912,16.982774,15.988405,15.925736,9.298444,28.5771448659058,-67.1260552003971
14.7239104,17.040406,16.018173,15.974999,9.337536,28.4868211756598,-67.1553857338643
14.7526784,17.088433,15.918947,15.915883,9.376628,28.4061514646128,-67.2695630766828
14.7839568,17.069223,15.829644,15.886325,9.396174,28.097977835196,-67.3413951608122
14.8152336,17.078828,15.829644,16.014410,9.386401,27.6321771435558,-67.5964750746917
14.8551536,17.136461,15.799876,15.965147,9.366855,28.0109662492605,-67.720151222421
14.8864096,17.155671,15.760185,15.984852,9.386401,27.7800029056656,-67.830664310774
14.9164576,17.040406,15.651037,15.955294,9.435266,26.9704972780013,-67.7199459233275
14.9576672,17.107644,15.720495,15.974999,9.464585,27.2095091337772,-67.647311998949
14.9876832,17.078828,15.740340,16.014410,9.532997,26.7297905985459,-67.4694560700306
15.0189104,17.088433,15.700650,15.965147,9.513451,26.9194574466669,-67.5336836464132
