0.0414288,10.444139,18.154017,10.820553,18.448659,2.77318880645695,4.55317393278448
0.0862768,10.444139,18.114787,10.810699,18.468099,2.58917071107529,4.54907511546635
0.116256,10.550422,18.173632,10.840260,18.477819,3.06807903585765,4.31053415985157
0.14624,10.511774,18.095171,10.830407,18.497259,2.59051035490415,4.34546509445231
0.1875088,10.608395,17.977480,10.938797,18.448659,2.29033743436121,3.59528624505321
0.2188016,10.695354,17.987288,10.919090,18.351460,3.08753091722458,3.30125474515093
0.249992,10.753327,17.928443,10.948651,18.293141,3.19063516385436,2.91320214964389
0.2787808,10.782313,17.908827,10.938797,18.254261,3.40653560863224,2.77975105375946
0.31876,10.888596,17.820559,10.958504,18.215381,3.5455899064905,2.28176653904677
0.351264,10.946569,17.840174,10.997919,18.166782,3.87181455469211,2.00018810439901
0.3812544,10.956231,17.781329,10.997919,18.186222,3.6145895167151,1.91781959754475
0.4449888,11.014204,17.791137,11.017626,18.127902,4.01290334774926,1.65569493625692
0.4824928,11.236432,17.624408,11.096455,17.991824,4.43409982576685,0.468569861436812
0.5137408,11.294405,17.526332,11.106309,17.875185,4.68170031038394,-0.0222632400414646
0.555048,11.400688,17.418449,11.145724,17.933504,4.31125862654016,-0.449301034290851
0.5850208,11.439337,17.477294,11.204846,18.011263,4.168492142514,-0.47480052207419
0.615008,11.458661,17.477294,11.155577,17.933504,4.71248204922429,-0.521988338496914
0.6600448,11.497309,17.398833,11.214699,17.962664,4.2354206727825,-0.831676945039245
0.687552,11.429675,17.359603,11.185138,17.952944,3.98018379658699,-0.674083174236685
0.7188304,11.439337,17.290950,11.194992,17.991824,3.57726891005301,-0.766674832714784
0.7663376,11.352378,17.300758,11.185138,17.991824,3.32275705132215,-0.519038819294043
0.8012528,11.342716,17.467486,11.165431,18.069583,3.69933521431288,-0.0743713437768818
0.8300096,11.313729,17.398833,11.214699,18.079303,3.11369261945335,-0.213002072961263
0.8638448,11.294405,17.408641,11.224553,18.108462,2.93375728023512,-0.130790711853621
0.9125536,11.265419,17.418449,11.224553,18.040423,3.11276596290438,-0.149895627182481
0.942552,11.178460,17.526332,11.224553,18.069583,3.08389949494347,0.26836100474112
0.9825152,11.226770,17.536140,11.175285,18.157062,3.16173455633867,0.418148257683253
1.0325712,11.139811,17.634215,11.066894,18.089023,3.8565907921155,0.936110460985191
1.0650368,11.072176,17.683253,11.027480,18.079303,3.9691812620137,1.25561917531542
1.107536,11.062514,17.732291,11.037333,18.195942,3.64791061849682,1.5037812191657
1.1575776,11.014204,17.791137,10.958504,18.195942,3.97978944083839,1.9016029931231
1.1875488,11.052852,17.791137,10.968358,18.205662,4.05227788283358,1.79773803711709
1.2212928,11.033528,17.879405,10.938797,18.176502,4.528804396855,2.00506026067903
1.2699968,11.033528,17.830367,10.938797,18.157062,4.41735318505846,1.90306168390206
1.300008,11.072176,17.840174,10.938797,18.098743,4.81611734223693,1.73629037650082
1.3313552,11.110825,17.830367,10.938797,18.157062,4.70685365022252,1.71451632172392
1.3900256,11.052852,17.899020,10.928943,18.118182,4.92825573646628,1.92431591105517
1.4225296,11.110825,17.742099,11.027480,18.059863,4.40788761209688,1.22084565489189
1.456296,11.139811,17.781329,11.037333,18.098743,4.48230709581543,1.24380074430413
1.4938208,11.101163,17.742099,11.096455,18.001544,4.33198236748115,0.988940418909618
1.5250928,11.149473,17.702868,11.047187,17.952944,4.73075096852893,0.858659798699225
1.5550192,11.110825,17.673446,11.116163,17.952944,4.21790044177679,0.740508037521352
1.5963008,11.178460,17.693061,11.126016,18.011263,4.29195482325325,0.670641863216549
1.6366688,11.197784,17.693061,11.116163,18.079303,4.14843350587578,0.750449350918828
1.6675616,11.159135,17.683253,11.066894,18.089023,4.11345975503474,0.963162738773104
1.6987376,11.207446,17.653830,11.194992,17.991824,4.0696675184773,0.345209022894267
1.740048,11.188122,17.565562,11.155577,17.991824,3.81165896657104,0.353102615120743
1.79132,11.275081,17.565562,11.155577,18.011263,4.06635959603099,0.172690193884243
1.823832,11.304067,17.526332,11.126016,17.933504,4.42693841831644,-0.00409267819416215
1.8613088,11.381364,17.496909,11.224553,17.962664,4.13190849855179,-0.42740696096967
1.8925808,11.429675,17.389026,11.224553,17.914064,4.08876785798207,-0.783128371224613
1.921312,11.410350,17.418449,11.224553,17.923784,4.09059014967181,-0.67667015580129
1.9712704,11.477985,17.300758,11.263968,17.894625,3.86440026751453,-1.15909002985751
2.002568,11.555282,17.222297,11.323090,17.855745,3.78490373063323,-1.66629944465391
2.035016,11.535958,17.212489,11.323090,17.875185,3.60318023159848,-1.6053190870821
2.0775328,11.593930,17.104606,11.342797,17.816865,3.55833066818829,-2.0490415629319
2.1150192,11.603593,17.084991,11.411773,17.846025,3.15711529315069,-2.22090658846091
2.1450928,11.613255,17.084991,11.461041,17.797426,3.19108936268922,-2.43659501063274
2.1825376,11.545620,17.035953,11.490602,17.807145,2.60494036548347,-2.40798901480305
2.226352,11.526296,17.084991,11.431480,17.884905,2.64857350298942,-2.02348646562447
2.2575568,11.526296,17.134029,11.392065,18.001544,2.54918993163305,-1.6721641118716
2.2875184,11.477985,17.192874,11.441334,18.020983,2.33626845305067,-1.55322632926542
2.3388048,11.429675,17.320373,11.382212,17.962664,3.06709819854475,-1.19078493525349
2.3800512,11.333053,17.192874,11.323090,18.020983,2.22302121538746,-0.925143998956322
2.4275776,11.284743,17.310565,11.244260,18.011263,2.81304001607689,-0.453641089713688
2.4600944,11.197784,17.526332,11.155577,18.186222,2.98077487281467,0.564920790598325
2.5013536,11.139811,17.594985,11.165431,18.157062,3.09225430867583,0.740851148121877
2.5424752,11.004542,17.634215,11.086602,18.215381,2.80562458898831,1.40714028570413
2.58256,10.849948,17.820559,10.997919,18.302861,2.93000060084942,2.40974852116217
2.6175232,10.714678,18.016711,10.909236,18.390340,3.16404882152287,3.37801014209839
2.6563008,10.598733,18.075556,10.830407,18.419499,3.13236971735652,3.98807630836454
2.6850304,10.415153,18.301130,10.761431,18.555578,3.04274257531719,5.13888027590086
2.7262688,10.308870,18.458052,10.722016,18.565298,3.34313363966429,5.74110258830094
2.75752,10.212248,18.487474,10.593919,18.652777,3.24021456559559,6.47161606272164
2.79756,10.163938,18.507090,10.653041,18.623617,3.02110666386792,6.43086739570052
2.8275648,10.202586,18.575743,10.574211,18.613897,3.75332527994875,6.61540798970239
2.861248,10.231573,18.575743,10.593919,18.652777,3.64524487512306,6.54744496206214
2.9025648,10.192924,18.536512,10.613626,18.555578,3.63940054464997,6.40255197800244
2.93132,10.202586,18.487474,10.623480,18.652777,3.09442066670165,6.42145047572605
2.9612864,10.250897,18.438437,10.633333,18.497259,3.63157901056829,5.98469384870366
2.9950576,10.328194,18.399206,10.682602,18.526418,3.484076389937,5.65220408714693
3.0375648,10.395829,18.252093,10.751577,18.584738,2.71351352834879,5.18322312470173
3.0825312,10.492450,18.183440,10.781138,18.545858,2.85351533030177,4.71395771580274
3.1175104,10.569747,18.154017,10.790992,18.526418,3.06945185334824,4.42677251003088
3.1550496,10.579409,18.055941,10.850114,18.468099,2.73281490087307,4.02931221555574
3.1837472,10.579409,18.006903,10.820553,18.468099,2.65649080594669,4.03127188161211
3.2149984,10.637381,17.889212,10.810699,18.458379,2.50250610529694,3.7257838029663
3.2562448,10.647043,17.918635,10.810699,18.477819,2.57883462205447,3.77329774062296
3.2863088,10.608395,17.967673,10.810699,18.594458,2.18802898039133,4.11054189842711
3.317504,10.589071,17.977480,10.879675,18.565298,2.00553591221951,3.95939053081778
3.3487808,10.589071,18.026518,10.850114,18.555578,2.3356389465247,4.08974230098481
3.3875952,10.531098,17.928443,10.869821,18.623617,1.42139769745189,4.1409952489723
3.420416,10.502112,17.928443,10.879675,18.604178,1.34630197688528,4.16024089941107
3.44876,10.492450,17.977480,10.830407,18.633337,1.56990648552963,4.42015855766336
3.4900944,10.395829,18.075556,10.889529,18.672217,1.21609062829793,4.7113001717925
3.5212896,10.424815,18.055941,10.830407,18.711097,1.32582627135683,4.81405066887049
3.5588,10.328194,18.055941,10.840260,18.740256,0.81529306285485,5.07233586490998
3.5950384,10.424815,18.026518,10.820553,18.701377,1.28569965539238,4.78221391548296
3.6350128,10.434477,18.036326,10.820553,18.652777,1.53802062439534,4.70219030420974
3.673832,10.473125,17.928443,10.909236,18.681937,0.842757417124628,4.2716836889062
3.7050528,10.511774,17.830367,10.889529,18.652777,0.794951090648854,4.03980143230589
3.7563392,10.482788,17.791137,10.919090,18.613897,0.568343842661639,3.92446873070719
3.7863056,10.608395,17.820559,10.948651,18.613897,1.05176840823809,3.58309809829993
3.8202592,10.676030,17.791137,11.037333,18.643057,0.766638669765726,3.19762708388905
3.8675856,10.627719,17.742099,10.968358,18.575018,0.896646017115822,3.31483176798953
3.8987568,10.656706,17.781329,10.968358,18.565298,1.19213331007966,3.28662205418858
3.9338032,10.695354,17.810752,11.017626,18.652777,0.950964491763549,3.24149871926801
3.9799968,10.666368,17.663638,10.968358,18.536138,0.887185730193653,3.04678428563413
4.0112912,10.705016,17.712676,11.007772,18.526418,1.11273940586131,2.91241542878214
4.0412784,10.685692,17.849982,10.909236,18.468099,2.13738411541379,3.31908503393968
4.0824816,10.676030,17.840174,10.968358,18.575018,1.45357154151554,3.33948361672959
4.1137872,10.676030,17.840174,11.037333,18.545858,1.30782747441765,3.1270512816719
4.1475312,10.695354,17.899020,10.928943,18.487539,2.21566367492365,3.34705441736118
4.1775552,10.685692,17.830367,10.958504,18.468099,1.88161456866307,3.16872733705181
4.2276192,10.627719,17.820559,10.988065,18.477819,1.47971464536048,3.23866917565966
4.2563056,10.589071,17.899020,10.938797,18.497259,1.74066253097828,3.59939290900254
4.3138448,10.647043,17.869597,10.879675,18.516698,1.99505798997557,3.58762910904539
4.3474848,10.637381,17.869597,10.919090,18.506979,1.84911577978786,3.49984112485163
4.3788128,10.656706,17.908827,10.859968,18.526418,2.21723241624579,3.68404494723089
4.4125456,10.734002,17.938250,10.889529,18.536138,2.47624701586876,3.47742444558839
4.4612944,10.685692,17.859790,10.948651,18.526418,1.81512391144633,3.32178110802468
4.4900464,10.724340,17.859790,10.879675,18.468099,2.4299713410332,3.31104931839669
4.5213488,10.705016,17.869597,10.869821,18.516698,2.25113740977955,3.4687032395588
4.5725168,10.734002,17.859790,10.928943,18.419499,2.46408354661546,3.09432067551156
4.6041248,10.695354,17.948058,10.859968,18.429219,2.87049323016621,3.50370837932625
4.6337712,10.705016,17.938250,10.899382,18.497259,2.47358857033557,3.46776472636159
4.676288,10.734002,17.908827,10.889529,18.400060,2.86681163267568,3.2349975032498
4.7063104,10.772651,17.830367,10.938797,18.370900,2.64198243914676,2.85991865398382
4.7400816,10.801637,17.849982,10.958504,18.361180,2.78886077192473,2.75479517084572
4.8000288,10.791975,17.791137,10.938797,18.312580,2.78220724706498,2.66812285915887
4.8275968,10.869272,17.830367,10.938797,18.332020,3.15066316251048,2.56504362323997
4.858768,10.869272,17.899020,10.948651,18.332020,3.37284683437886,2.64234110356742
4.8925264,10.840286,17.781329,10.938797,18.293141,2.99986550259383,2.50596018308192
4.9500576,10.917583,17.702868,11.027480,18.244541,2.84714930454196,1.90997790926698
4.9812752,10.927245,17.771521,11.017626,18.254261,3.14341456234937,2.02729000242399
5.0150416,10.956231,17.732291,10.968358,18.302861,3.10724489097182,2.09082398793947
5.0638048,10.965893,17.712676,11.027480,18.254261,3.03078386726016,1.82109350855867
5.0912832,10.878934,17.673446,11.007772,18.380620,2.15999736957261,2.21165762395436
5.1250576,10.956231,17.702868,11.076748,18.332020,2.48875741949758,1.82583370006823
5.1637904,10.820962,17.693061,11.057041,18.351460,1.94048137125917,2.21878610298298
5.2028224,10.762989,17.761714,10.988065,18.361180,2.19929836115116,2.64662956439486
5.2363968,10.772651,17.761714,11.047187,18.458379,1.66105383593238,2.62148110882122
5.285032,10.714678,17.869597,10.948651,18.468099,2.1764504600654,3.17921723676642
5.3150352,10.685692,17.859790,10.899382,18.477819,2.17506774533766,3.37207089096787
5.3463104,10.676030,17.957865,10.938797,18.370900,2.75876023910592,3.28565897651174
5.3963248,10.743665,18.183440,10.889529,18.157062,4.83760420539565,3.25758988103169
5.4262752,10.762989,18.389399,10.889529,18.050143,6.07657923833144,3.35509803450688
5.4575312,10.869272,18.448244,10.850114,17.923784,7.30982199514896,3.0917058222199
5.4975136,10.840286,18.409014,10.761431,17.816865,7.79598102086272,3.16674452895446
5.5287792,10.840286,18.526705,10.761431,17.758546,8.45169147458859,3.25409900072344
5.5813024,10.859610,18.781702,10.692455,17.622467,10.2386497280189,3.55111540832042
5.6300544,11.236432,19.733037,10.485528,16.708796,19.3358398785309,3.18769242073857
5.66128,11.593930,20.037072,10.416553,15.813245,25.4937160073306,1.60487903955063
5.6900672,11.951429,20.547066,10.229333,15.050749,32.331670492595,0.809515822535758
5.7299792,12.318589,20.929561,10.180065,14.337130,38.006756451973,-0.465252497698568
5.7625264,12.647101,20.615719,10.111089,13.819024,40.6121521129137,-2.38866833602307
5.7925264,12.608452,20.468605,10.170211,13.809248,39.8045029880425,-2.68739620796989
5.823816,12.647101,20.027264,10.288455,14.131843,36.5828130704408,-3.25311013028621
5.8638288,12.308927,19.409387,10.603772,15.246261,27.3529401556036,-2.40896441933033
5.8937712,12.019063,18.869970,10.800846,16.407479,18.9999932235063,-1.21851729192278
5.925024,11.458661,17.751906,11.175285,17.661347,6.67849626971494,-0.565469583223074
5.9588128,11.217108,17.212489,11.470895,18.545858,-0.595402320348794,-0.16919916298399
6.0063232,10.289545,16.610111,12.475968,20.703677,-17.3465616758242,1.94224115382675
6.038848,9.632522,14.933224,13.283968,22.074184,-33.708234662615,1.14374913809633
6.0725312,9.439279,12.373243,14.200359,23.230852,-51.7930371836297,-2.64033989905295
6.108776,8.444082,9.932331,15.786799,27.147974,-81.435836920362,-1.77119946803013
6.1387856,6.753212,9.585046,16.358311,30.034785,-98.4421777356479,4.33710831791034
6.170064,4.811128,9.168305,16.417433,31.483051,-113.396164215334,10.119190430226
6.2125264,4.811128,9.376676,16.339521,32.280083,-113.404168346684,11.5570814977235
6.2612832,4.743493,9.069081,16.690904,31.706609,-115.076712828316,9.77992999090397
6.2925344,4.588899,8.721797,16.388324,30.792938,-115.938534114551,9.27183470884961
6.3438448,4.318360,7.967694,16.427287,28.858677,-118.812586030398,6.17890649925172
6.3850736,4.115456,7.719634,16.269628,28.469881,-120.635003223738,6.18354243107242
6.4163984,4.028497,7.560875,16.318896,28.061645,-121.557330811149,5.44951402684195
6.4650208,4.086469,7.342582,16.328750,26.875816,-120.634968689972,3.13909510545215
6.4963328,4.559913,7.163979,16.506116,24.786037,-115.463184494673,-2.25924086985669
6.5262912,4.627548,7.114367,16.545531,24.222282,-114.391283589092,-3.59761568966968
6.5775616,4.888425,7.005220,16.259774,22.968415,-110.477457803449,-5.98256526977674
6.6075408,5.110653,7.402116,16.555384,23.746007,-108.629502525145,-5.19579894742225
6.6388304,5.381192,7.590642,16.778749,24.008445,-106.735042898385,-5.6465890824233
6.6800336,5.661394,7.838702,17.393668,24.649958,-105.974015206621,-6.30112700964652
6.7112832,6.173486,8.225676,18.633268,25.942706,-105.496419617361,-7.56679771377835
6.741328,6.250783,8.225676,18.838241,25.806627,-105.191719982266,-8.41822060290721
6.7725552,6.299093,8.443969,18.994411,26.380101,-105.028495004571,-7.59033241852278
6.8137856,6.270107,8.473737,19.365314,27.556210,-107.688309384952,-6.44676485502661
6.8600864,5.922271,8.314978,18.789437,27.488170,-109.344853520148,-4.76855260019976
6.9013504,8.067260,9.426288,18.057391,26.117664,-88.3869645922269,-8.25056300740369
6.9363456,10.898258,11.341312,16.437127,20.480119,-48.4330114344337,-17.0180198056331
6.9750816,12.241292,13.186880,16.446994,18.730536,-29.543529829489,-19.5889642906507
7.0201168,15.284857,15.647638,15.629140,13.340020,12.3798182659788,-29.3290500086231
7.0688224,16.627891,16.467114,13.047481,9.175617,47.8335067280812,-33.9734947059925
7.0975808,18.058581,19.193620,11.943870,7.601746,72.7771790567553,-32.0999974026366
7.1313136,20.767309,23.361840,11.234407,7.445337,93.0070082528165,-27.8311179703873
7.1687696,22.707603,26.608148,7.332356,6.467777,127.109429987657,-20.1794294929787
7.200024,23.322350,27.108334,5.913429,6.096305,138.500989995488,-18.4168862950375
7.2338144,23.860253,26.166807,5.893722,5.627076,140.732981712861,-21.8846420239371
7.2712912,23.985124,25.696043,5.736063,5.353360,142.769940897133,-23.1713846813155
7.302512,23.341561,25.588160,5.272941,5.206726,145.403707858222,-21.4790809870973
7.332568,23.130241,25.195857,5.075868,5.040541,146.831442856476,-21.7026437185829
7.3663008,23.101425,24.872207,5.213819,5.089419,145.230259536811,-22.4423784767028
7.4051136,22.947739,24.676055,5.253234,5.167623,144.04657806141,-22.4367109910144
7.4338256,22.707603,23.950295,5.263087,5.050316,143.398674880314,-23.6021166055277
7.4650224,22.131278,23.234342,5.332063,5.020989,141.328354784288,-24.0425892695937
7.5162672,21.372450,22.086855,5.272941,4.981887,139.117670994188,-24.7644972517501
7.5662656,20.546384,19.782075,5.282795,4.493107,137.300842655929,-29.198727865073
7.5975664,20.210194,18.644396,5.243380,4.297595,136.419751420056,-31.5792497390402
7.6375632,20.190984,18.193247,5.125136,4.102084,137.86732356017,-32.8959175873309
7.667512,20.661649,19.360349,5.164551,4.278044,139.125833889104,-30.7051868493152
7.6975616,21.353239,21.017829,5.203965,4.659292,140.021673667443,-27.583751974776
7.7426048,21.708640,22.037817,5.105429,4.688619,142.576072966014,-25.849583507238
7.7787904,22.707603,23.136266,5.213819,4.893907,143.561827278997,-25.4414188708485
7.8113584,23.447220,22.626272,5.243380,4.502883,146.180982897664,-28.8519161535819
7.8475184,24.292497,22.302622,5.351770,4.326922,147.31092118672,-31.7702491275814
7.8812592,25.704494,23.057805,5.726209,4.454005,146.99853171684,-33.2424782487184
7.913816,26.367267,23.450108,5.883868,4.454005,147.371377038935,-33.9010216317742
7.9425456,27.030041,24.244522,6.002112,4.659292,147.248969102156,-33.2616594418387
7.9824976,27.097279,22.783193,7.992552,5.138297,131.551505138122,-38.6319491068418
8.0175824,25.368304,19.448617,11.392065,7.416010,93.7854381180452,-43.3936779122726
8.056328,22.246543,17.066542,14.456554,12.362460,46.1862902583706,-38.2022434694579
8.0949808,17.261331,13.067811,15.008359,14.835686,7.02917579436023,-33.9348857878015
8.1403168,13.738919,10.249848,15.057628,15.510202,-20.8242418774913,-32.0079794904621
8.1701056,10.917583,9.654503,16.671382,21.490989,-59.5554084050553,-18.7599923305055
8.207584,9.903061,8.771409,18.613746,23.746007,-78.7323870896528,-18.1906396612662
8.2400576,8.888539,7.977616,20.097361,24.523600,-92.4425937505064,-19.1454346568905
8.2701392,7.371588,7.600565,21.024620,25.621949,-106.005591377376,-16.7339088784739
8.3125264,6.869158,7.441806,21.932358,25.991305,-111.647054932916,-17.1789415329356
8.3613216,6.975441,7.193746,23.191478,26.030185,-114.431581958046,-20.1653669511141
8.3912848,6.492335,6.886151,23.210999,26.603659,-119.546669111742,-18.8322190116699
8.4263056,5.844974,6.528945,23.015787,26.350942,-124.43531616587,-18.2419472662061
8.4725296,5.661394,6.161815,22.918181,25.874666,-126.759191146515,-19.1616246989939
8.5038384,5.323220,5.110040,23.718552,22.890656,-132.019016916134,-27.7435965622433
8.5337792,5.313558,5.030661,23.728312,22.414380,-131.922648585103,-28.8856619227235
8.5862752,5.371530,4.703221,23.015787,20.130203,-129.248747163559,-33.275512596753
8.6150592,5.584097,4.842135,22.195895,19.061013,-123.86547953758,-34.2143355358588
8.646352,5.883622,4.981049,21.727385,18.604178,-119.326556480187,-34.6273066291932
8.6875152,6.076865,5.030661,21.317439,18.400060,-116.586444879001,-34.5532697773303
8.7175344,5.931933,5.258876,20.380419,18.779136,-114.978139275858,-30.8124059093245
8.7475648,5.922271,5.447402,20.556110,19.683087,-115.824276621053,-28.6403836721055
8.8013056,5.873960,5.705385,20.565871,20.800876,-116.518796734647,-25.5199628036859
8.8388176,5.777339,6.648013,20.165685,23.784887,-115.782221379686,-16.5838382537097
8.86908,5.815988,7.203668,20.399940,25.894106,-116.170502835494,-12.4361941611172
8.9013264,5.680718,7.342582,20.312095,26.632819,-117.1815476996,-10.4880378065143
8.94252,5.487476,7.263203,20.185206,27.118814,-119.282594885903,-9.13033119099442
8.9725712,5.564773,7.570797,20.468265,27.867247,-118.689715422582,-8.22112190381868
9.0038848,5.526124,7.848625,20.780604,27.974166,-118.003381894237,-8.20219579003493
9.0550656,10.531098,9.108771,21.815230,27.099374,-87.1679191910581,-19.2411374264487
9.0838176,12.685749,10.636821,19.648372,20.975834,-53.2930831055952,-26.9491750585085
9.1150656,13.188179,13.385329,17.627923,16.893474,-22.8808564143058,-26.6655685130816
9.1650496,13.110882,15.002681,15.077335,12.645953,6.79706190087423,-26.7646421951588
9.19756,15.661680,20.311684,12.870115,10.250932,52.3699411418951,-21.7453037083615
9.2288208,18.673327,23.508954,13.845627,9.527538,67.4018254445852,-24.7630051292368
9.2638272,20.373486,23.665875,11.411773,8.139404,88.6561617570574,-25.6271053796668
9.3003248,21.382055,24.528942,7.292942,6.878352,119.654387426952,-20.4787415139888
9.330064,23.063004,25.284125,7.105722,6.839250,124.850616286863,-22.0858158343713
9.3637488,23.168663,25.352778,6.997332,6.721943,126.340735525318,-22.1669758177646
9.4076208,22.179305,25.892195,6.583478,6.917455,126.840294171303,-18.1703114778744
9.4524976,21.074682,24.823169,6.051380,6.585084,128.307213057925,-17.3231045828344
9.4863472,19.143993,22.802808,5.617819,6.282041,126.092846277216,-16.5105942991576
9.5237696,17.972132,22.410505,5.381331,6.242939,125.002273853179,-14.0453501310176
9.553776,17.424623,22.410505,5.312356,6.389573,123.46747731898,-12.25141663037
9.586048,16.800271,22.253584,5.213819,6.399348,122.537778346305,-10.7257051660818
9.6188688,16.569918,21.949549,5.105429,6.487328,121.615369435338,-10.2812294544345
9.6601264,16.048164,21.929934,5.095575,6.673065,119.34853940684,-8.56929978632935
9.697536,15.951543,22.332044,5.302502,6.897903,117.141234642984,-7.65227749758435
9.7287904,16.038502,22.969537,5.322209,7.191171,116.617972072442,-6.19148866593637
9.7775632,16.386338,23.832604,5.529136,7.513766,115.749627824542,-5.47739893383486
9.808832,16.473297,24.372020,5.588258,7.601746,116.088661908143,-4.7508941871675
9.8400768,16.840457,25.078166,5.568551,7.895014,116.520308826075,-3.91745504861687
9.8913536,16.704217,24.970283,5.696649,7.670175,116.629467462651,-4.45504612306167
9.9225744,17.222909,26.323728,5.893722,8.178506,116.032437390836,-3.13636643841392
9.9513296,18.164240,27.284871,6.090795,8.383794,117.192532894879,-3.9494872508627
10.0126192,18.577273,26.921990,6.149917,8.403345,116.849642700421,-5.5441320569539
10.073824,18.567668,20.311684,17.188695,11.267594,38.7964291092539,-32.7348482223074
10.135016,12.840343,11.986269,16.622579,14.386008,-18.6866812635412,-31.9732352344313
10.1664064,10.618057,10.329227,16.131677,18.361180,-47.6131688307662,-21.6724442076185
10.2200368,10.405491,10.289537,17.383908,20.975834,-59.4765815946384,-18.9529371615961
10.2488368,9.941709,10.567365,18.125715,21.335471,-63.1356305587388,-18.3721002741734
10.2863776,9.593873,10.676511,17.764572,21.111913,-62.8215728927516,-17.1246297726163
10.3200224,9.207389,10.607054,17.091089,21.034154,-63.1371264610709,-15.1508354167546
10.3588416,9.120430,10.686434,16.915398,21.073033,-62.8239642476864,-14.3732374889308
10.390048,9.294348,10.795580,17.139892,21.024434,-61.8890806998411,-15.1233662379508
10.4200416,9.642184,10.974183,17.003244,20.936955,-58.7672284202897,-15.4115225860977
10.4637856,9.680832,11.291700,16.612819,20.761996,-55.5774573984022,-14.4089233795115
10.4913808,9.883737,11.787821,16.535677,20.402360,-51.1095543266066,-14.4384257663805
10.5215504,10.096303,12.472467,16.210506,20.169082,-45.4392574062907,-13.4122661798076
10.5563152,10.328194,12.899131,15.885335,19.731687,-40.3003299242098,-13.2306905409782
10.602512,10.589071,13.157113,15.934604,19.148492,-36.4376054925932,-14.4587081065122
10.6325392,10.975555,13.444863,15.796652,18.701377,-31.7470728230342,-15.2648994423031
10.663824,11.052852,13.683001,15.629140,18.584738,-29.5253699654966,-14.8609935977777
10.7137536,11.120487,13.921139,15.560164,18.730536,-28.4654850455972,-14.1903843720895
10.76756,11.120487,14.030285,15.471482,18.458379,-26.8870041990284,-14.2849296256612
10.8000528,11.168798,13.901294,15.491189,18.215381,-26.5280867767485,-15.0794996528485
10.836272,11.265419,13.881449,15.382799,18.186222,-25.7707395072842,-15.1408396676169
10.8675328,11.429675,13.802070,15.530603,17.952944,-25.1429280022243,-16.3536678095855
10.9000224,11.477985,13.772302,15.540457,17.739106,-24.4162072641037,-16.911936372626
10.9487568,11.632579,13.841759,15.727677,17.612747,-23.6716242046733,-17.7271537923382
10.9788464,11.787173,13.782225,15.845921,17.534988,-23.4046171748398,-18.5385259712331
11.0124992,11.767848,13.821914,15.895189,17.418349,-23.1050358348756,-18.7397192927307
11.0500288,11.854807,13.901294,15.944457,17.321150,-22.2621138704469,-19.0511494072533
11.0800832,11.835483,13.851682,15.895189,17.311430,-22.3585171131663,-19.0188620577977
11.1138112,11.835483,14.000518,15.786799,17.243391,-21.1752014788691,-18.6493687876327
11.1537728,11.767848,14.258500,15.648847,17.311430,-20.1659412679794,-17.6362811945554
11.1950784,11.632579,14.516483,15.501042,17.418349,-19.5310563830147,-16.3968299428701
11.2338544,11.487647,14.814155,15.185725,17.447509,-17.9749242911715,-14.8533766300483
11.2638384,11.420012,14.943147,15.156164,17.515548,-17.8516893525484,-14.3034875077587
11.30508,11.294405,14.953069,14.959091,17.709946,-18.313443876626,-13.2609503795014
11.3564144,11.178460,15.131672,14.821140,17.894625,-18.2112808372399,-12.0919429321144
11.3925808,11.130149,15.032448,14.811286,17.914064,-18.8439699650365,-12.1020057632363
11.4288832,11.081839,14.903457,14.840847,17.962664,-19.8254436414879,-12.1986696919958
11.4588672,11.072176,14.853845,14.840847,18.020983,-20.2589172556765,-12.1628293341395
11.489304,11.110825,14.834000,14.919676,18.157062,-20.8771142641288,-12.2186894189329
11.538864,11.023866,14.734776,14.870408,18.254261,-21.7993187504126,-11.9273035063612
11.5701168,10.946569,14.764543,14.949237,18.293141,-22.3738984730842,-11.8138736536379
11.6000448,10.849948,14.754621,14.880262,18.254261,-22.4700149123711,-11.5366505399004
11.6412864,10.849948,14.824078,14.890115,18.400060,-22.6805436414684,-11.1934620900718
11.6738432,10.714678,14.953069,14.811286,18.555578,-22.9514602023148,-10.2478715096938
11.702632,10.734002,15.012603,14.742310,18.633337,-22.6529963243962,-9.91025371901785
11.7350176,10.666368,14.972914,14.722603,18.769416,-23.4677490607051,-9.55844619974819
11.7738256,10.444139,15.022526,14.505823,18.740256,-23.4023386195776,-8.55152210443242
11.8063536,10.308870,15.131672,14.387579,18.876335,-23.5685035884134,-7.58059010551068
11.8363008,10.212248,15.290431,14.387579,19.012414,-23.7431864513133,-6.88381314445317
11.8788384,10.115627,15.498801,14.259481,19.138772,-23.2727198603461,-5.83808589629662
11.926392,9.951371,15.637715,14.121530,19.187372,-23.0930395724742,-4.8516018821234
11.9625936,9.835426,15.667482,14.111676,19.226251,-23.544485932053,-4.45466253816893
12.0075984,9.719481,15.826241,14.003286,19.333170,-23.3614184132825,-3.52085362245785
12.0400832,9.729143,15.856008,13.963871,19.352610,-23.1336100780838,-3.37534616349386
12.0700848,9.709819,15.925465,13.983578,19.391490,-23.1122719104225,-3.20785722902113
12.1151168,9.690494,15.875853,13.963871,19.372050,-23.2738699800412,-3.22475448573562
12.1513056,9.709819,15.816319,13.993432,19.372050,-23.5355300449169,-3.43057139383908
12.1826864,9.787116,15.786551,14.013139,19.459529,-23.6787544719568,-3.56468703620621
12.2175824,9.767791,15.806396,13.963871,19.430369,-23.4271626224835,-3.42089359599521
12.2525456,9.738805,15.826241,13.934310,19.372050,-23.1849164009282,-3.34536863314855
12.283848,9.671170,15.846086,13.885042,19.498409,-23.6297746033549,-2.84723804922413
12.3175008,9.622860,15.955232,13.806213,19.517849,-23.1871655726157,-2.35286256888428
12.3688112,9.564887,16.004844,13.737237,19.585888,-23.2189531266222,-1.8757066243551
12.3963632,9.535901,16.104068,13.628847,19.653927,-22.798159587039,-1.29837372180127
12.4263408,9.468266,16.133836,13.658408,19.663647,-23.0809459943432,-1.14890174299714
12.4687696,9.448942,16.133836,13.618993,19.653927,-23.0042818923019,-1.0254410149503
12.508856,9.477928,16.153680,13.638700,19.605328,-22.7088941625139,-1.18374692038743
12.5393456,9.439279,16.233060,13.599286,19.683087,-22.662584822308,-0.761774272970431
12.57004,9.448942,16.233060,13.609139,19.780286,-22.9643094557718,-0.661056347883164
12.6363664,9.381307,16.292594,13.540164,19.819166,-22.9019193460103,-0.191019823895942
12.6713056,9.226713,16.292594,13.392359,19.877485,-23.2587113531292,0.614214653888432
12.7225696,9.226713,16.352129,13.313529,19.935805,-22.9451973753609,0.977925149715759
12.7538768,9.159078,16.530732,13.264261,20.023284,-22.6067075151502,1.65082884601316
12.782528,9.091443,16.530732,13.224847,20.101043,-23.0097988308353,2.02180312156827
12.8250704,9.130092,16.491042,13.185432,20.023284,-22.6392726804244,1.85132735358725
12.8551152,9.091443,16.510887,13.224847,20.101043,-23.0922361483516,1.99273539614461
12.8850624,9.120430,16.510887,13.195286,20.091323,-22.8463392377669,1.97987249484893
12.9162912,9.062457,16.510887,13.116456,20.052443,-22.7103051767753,2.25258068399856
12.9575888,9.014147,16.590266,13.116456,20.101043,-22.7369139642978,2.55643005877511
12.9863216,9.014147,16.590266,13.116456,20.178802,-22.9857439427149,2.66967741532237
13.0188016,9.004484,16.639878,13.077042,20.139923,-22.5692414270712,2.80397008043089
13.0675472,9.062457,16.600189,13.126310,20.139923,-22.6511503250714,2.48709535518087
13.0988816,9.052795,16.600189,13.116456,20.130203,-22.6285842768598,2.52002791724093
13.128872,9.043133,16.620034,13.106603,20.071883,-22.3677931908849,2.51107230376686
13.162576,9.062457,16.659723,13.067188,20.062163,-21.9653005312866,2.60331318806237
13.2013056,9.091443,16.620034,13.067188,20.023284,-21.884536492181,2.41862864615658
13.2313536,9.110768,16.639878,13.096749,19.945524,-21.5669861857178,2.21585587593087
13.301264,9.168740,16.719258,13.057334,19.955244,-20.9038977894696,2.30142943461598
13.3313456,9.188065,16.729180,13.047481,19.945524,-20.7201795293207,2.27890261907826
13.3638432,9.188065,16.778792,13.037627,19.887205,-20.295368832683,2.28992805076562
13.4000656,9.236375,16.808559,13.077042,19.799726,-19.8188463008178,1.9943019728216
13.4451248,9.197727,16.808559,13.037627,19.751126,-19.6911465842087,2.11101238222638
13.4738288,9.284686,16.957395,12.968651,19.780286,-18.5966686715322,2.32796562829372
13.5065792,9.197727,16.897861,12.968651,19.673367,-18.845563604549,2.29444189235737
13.5463504,9.255699,16.828404,12.919383,19.624768,-18.57157517433,2.10010688475974
13.5763392,9.197727,16.957395,12.948944,19.741406,-18.7601181263805,2.52851897269838
13.6075888,9.197727,17.126076,12.889822,19.780286,-18.0062955673727,2.97292246381163
13.6600992,9.188065,17.264990,12.870115,19.809446,-17.5130489659331,3.28639702299226
13.6900944,8.965836,17.245145,12.781432,19.945524,-18.6516721327387,4.2082205013721
13.7188112,8.917525,17.195533,12.742017,19.877485,-18.7002354083005,4.25458771890458
13.7600896,8.888539,17.294757,12.771578,19.994124,-18.8911588039323,4.56108275068519
13.790096,8.801580,17.314602,12.682895,20.062163,-19.0981272652504,5.11653105836818
13.821384,8.753270,17.304680,12.722310,20.120483,-19.6550600014913,5.2067772673376
13.8525584,8.704959,16.378845,12.682895,20.188522,-23.8079181477384,4.19565253805955
13.908872,8.569689,16.349423,12.712456,20.344041,-25.103850856915,4.64095980526158
13.94384,8.531041,17.264990,12.702602,20.382920,-21.5187147776967,6.11650654824529
13.9763136,8.463406,17.215378,12.682895,20.373200,-21.9093545293074,6.25023265708186
14.0150384,8.415096,17.264990,12.682895,20.518999,-22.3727136513942,6.64236920099065
14.0450592,8.366785,17.235223,12.682895,20.577318,-22.8836771080292,6.80207530301574
14.07512,8.337799,17.264990,12.702602,20.645358,-23.160764165314,6.96040580715663
14.116304,8.279826,17.274913,12.594212,20.723117,-23.2628383347235,7.49593883593814
14.1463664,8.250840,16.339615,12.594212,20.732837,-27.3742272895235,6.27767034794364
14.180096,8.250840,16.349423,12.456261,20.732837,-26.8930856425309,6.63997758997609
14.2075744,8.163881,16.437691,12.515383,20.791156,-27.261282754595,6.91711343976046
14.261384,8.144556,16.525959,12.436554,20.781436,-26.683288618326,7.27612679967122
14.298848,8.086584,16.614227,12.406993,20.791156,-26.4900421049187,7.63546175149695
14.3326128,8.096246,16.535767,12.387285,20.713397,-26.4740416073947,7.4427193416467
14.3825456,8.231516,16.506344,12.406993,20.625918,-25.8024628814217,6.88439754765459
14.412616,8.221853,16.506344,12.466115,20.625918,-26.0334241103025,6.75903979953588
14.4425904,8.289488,16.476921,12.475968,20.655077,-25.9946486352802,6.56270176987893
14.4850752,8.279826,16.584805,12.466115,20.655077,-25.5434656466085,6.76405776338718
14.5300688,8.337799,16.476921,12.515383,20.470399,-25.3220549677088,6.07949472190877
14.570064,8.405434,16.467114,12.535090,20.431520,-25.0133807001853,5.79016920865019
14.6088672,8.482730,16.427883,12.594212,20.324601,-24.6970251756827,5.23843081393375
14.6388736,8.608338,16.369038,12.604066,20.217682,-24.0990906966246,4.66051036447907
14.6713024,8.637324,17.284835,12.702602,20.120483,-20.1488849451985,5.51322364037122
14.7213536,8.772594,17.066542,12.810993,20.023284,-20.5276656795487,4.46498294087647
14.7525568,9.255699,16.719258,13.017920,19.974684,-20.4815411556857,2.21532968368109
14.7862832,9.439279,16.500965,13.175578,19.887205,-20.8509353267547,0.948479675726926
14.832528,9.574549,16.322361,13.274115,19.673367,-20.6566079657426,-0.19301728793684
14.8625984,9.661508,16.282672,13.283968,19.605328,-20.2733594227501,-0.584626115725321
14.8938352,9.632522,16.322361,13.293822,19.673367,-20.4818092931983,-0.376887727772509
14.9251024,9.651846,16.431508,13.205139,19.760846,-19.9508355648915,0.0821205175914805
14.9651376,9.564887,16.530732,13.165725,19.702527,-19.5835252929242,0.442852210146867
14.9976032,9.468266,16.500965,13.136164,19.634487,-19.7844554015165,0.597469928594911
15.0251264,9.419955,16.669646,13.136164,19.692807,-19.4804175472077,1.05051839044242
