0.0452608,10.544011,18.595358,10.156621,18.866615,4.12761010917441,10.6131816258269
0.0863696,10.437726,18.340361,10.186187,18.847175,2.73933409275464,10.4228490631313
0.1188816,10.447388,18.330553,10.097489,18.827735,3.14272668262384,10.5825065647297
0.1688768,10.408739,18.575743,10.176332,19.031853,2.86305757556119,11.1078742580146
0.1988944,10.601985,18.938623,10.294597,19.323451,3.41192518276367,11.224256373916
0.2301328,10.515024,18.693434,10.127055,18.954094,4.16817790692883,11.0190171062975
0.2800944,10.379752,18.212862,10.156621,18.788856,2.36760011211134,10.3833071556305
0.312648,10.428063,18.036326,10.146766,18.798576,1.88158930377598,10.0486317691045
0.3414352,10.524687,18.212862,10.097489,18.905495,2.70007117416019,10.3298122290899
0.3813536,10.563336,18.379591,10.205898,19.031853,2.59823451426239,10.3695512215584
0.4138384,10.669621,18.301130,10.215754,18.895775,3.17058607719862,9.77575768801246
0.4451808,10.746920,17.987288,10.412862,18.701377,2.27304758681313,8.36283154508609
0.4739232,10.795232,17.791137,10.412862,18.730536,1.60633407368247,8.00057975768163
0.5151456,10.901517,17.751906,10.442428,18.779136,1.57001338058071,7.67556025993854
0.5451872,11.046452,17.859790,10.531127,18.915215,1.69144544119823,7.45089456619418
0.5776432,11.056114,17.820559,10.590259,19.041573,0.900998458083484,7.40749274493091
0.6164016,10.998140,17.693061,10.550838,18.895775,0.882242323903799,7.25160669920376
0.647768,10.940167,17.369411,10.501561,18.701377,0.332363122841531,6.75797227529453
0.6814272,10.940167,17.359603,10.521272,18.788856,-0.101633068766441,6.82365002586459
0.7351376,10.901517,17.634215,10.540982,19.080453,-0.346387997211192,7.69717046162998
0.7726816,10.911180,17.604793,10.550838,19.158212,-0.74093404989953,7.71870784932361
0.8001888,10.872530,17.447871,10.511416,19.109613,-1.16450865890606,7.61457855481663
0.8326592,10.814556,17.408641,10.491705,18.992974,-1.03731713121441,7.58095226775
0.8713648,10.756582,17.447871,10.531127,19.031853,-1.39614143829215,7.74096389380617
0.9026896,10.824219,17.438064,10.531127,18.905495,-0.711073573076039,7.37390424390245
0.9326736,10.795232,17.545947,10.580404,18.944374,-0.732999372123317,7.53757404477919
0.9826192,10.843543,17.565562,10.590259,19.070733,-0.972024624390834,7.60527292420332
1.013888,10.843543,17.624408,10.511416,19.129052,-0.673232726149455,7.97012952393579
1.0438976,10.891855,17.487102,10.501561,19.022133,-0.58488723478009,7.52093631868501
1.0776544,10.833881,17.496909,10.501561,19.022133,-0.768696341388683,7.67927394430465
1.1151696,10.862868,17.438064,10.550838,19.031853,-1.09879202039179,7.41332306604961
1.1463904,10.949829,17.339988,10.511416,19.080453,-1.17485508388212,7.22323996818968
1.1764032,10.930504,17.251720,10.531127,19.051293,-1.5525632972607,7.05042759068376
1.2276976,10.940167,17.192874,10.590259,19.061013,-1.99301969102379,6.8078179464786
1.2601616,10.911180,17.163452,10.590259,19.080453,-2.28873346639569,6.8649382163707
1.2976176,10.998140,17.173259,10.590259,19.129052,-2.0935644524098,6.73562597200848
1.3538608,10.901517,17.026146,10.609970,19.148492,-3.17579137640008,6.73807184317066
1.3914272,10.843543,17.496909,10.550838,19.420650,-2.3603641183026,8.10843601313487
1.423896,10.853206,17.653830,10.501561,19.410930,-1.51322106748304,8.41710011630985
1.462688,10.766245,17.516524,10.373440,19.391490,-1.83267728961799,8.72803692522505
1.4926496,10.659959,17.516524,10.334019,19.381770,-2.06122036572187,9.0789600559132
1.5239152,10.592323,17.467486,10.304452,19.478969,-2.75593889783605,9.39200195544614
1.5738368,10.466713,17.653830,10.205898,19.566448,-2.48186454489039,10.3454833762009
1.6051376,10.418401,17.653830,10.225609,19.692807,-3.19714648227235,10.5951780363401
1.6363792,10.476375,17.702868,10.245320,19.819166,-3.31238032633577,10.6437553995894
1.6776528,10.466713,17.693061,10.245320,19.741406,-3.10706636715874,10.5460038718674
1.7163856,10.408739,17.732291,10.186187,19.673367,-2.71944738066191,10.8020324078505
1.7501312,10.486037,17.771521,10.235464,19.741406,-2.6966160542984,10.6315580742009
1.7826384,10.505362,17.840174,10.215754,19.780286,-2.42953379145745,10.7820637478569
1.8201104,10.428063,17.810752,10.127055,19.721967,-2.30609750185103,11.079887602524
1.8526336,10.447388,17.634215,10.117199,19.624768,-2.52132154065491,10.6738219632458
1.88144,10.389414,17.653830,10.146766,19.527569,-2.42293018673012,10.637133673678
1.9226512,10.486037,17.732291,10.136910,19.595608,-1.96157319049087,10.6223007844519
1.9552176,10.524687,17.771521,10.127055,19.653927,-1.83961156611253,10.6857731870044
2.0152304,10.582661,17.849982,10.136910,19.712247,-1.56661504245239,10.7050514852458
2.066376,10.563336,17.683253,10.058067,19.644207,-1.74319086352245,10.6256018578923
2.0951632,10.486037,17.673446,10.087633,19.653927,-2.220280836109,10.7465513022931
2.1289088,10.572998,17.702868,9.998935,19.653927,-1.45098880757142,10.7921088146739
2.1688976,10.486037,17.781329,9.998935,19.615048,-1.34157032064027,11.0683775895109
2.2001664,10.447388,17.771521,10.077778,19.634487,-1.88563387728868,10.9795886608027
2.228944,10.466713,17.751906,10.048212,19.653927,-1.84987221655575,11.005375499497
2.2751392,10.457050,17.820559,10.107344,19.702527,-2.01562189269256,11.0429830911502
2.310176,10.389414,17.918635,10.097489,19.663647,-1.72223390813545,11.321811393748
2.3404848,10.350765,17.948058,10.117199,19.644207,-1.75848496863909,11.3837745883626
2.3713616,10.263804,17.977480,10.038356,19.702527,-1.90403542216511,11.9275449742228
2.4126448,10.176843,17.987288,10.008790,19.799726,-2.44566169772619,12.3727228459877
2.4438896,10.186505,17.977480,9.998935,19.858045,-2.62192868921841,12.4395943225826
2.4751536,10.196168,18.036326,9.989079,19.828886,-2.21771097839449,12.480651901084
2.5151216,10.060895,18.114787,9.870814,19.877485,-2.18258003244469,13.3055164158761
2.5464064,9.983596,18.183440,9.851103,19.974684,-2.49715880459202,13.7800441636571
2.5763968,9.964272,18.203055,9.870814,20.003844,-2.673120213941,13.844575995631
2.6114624,9.935285,18.281515,9.791971,19.994124,-2.1621794832748,14.2159299173118
2.6601504,9.896636,18.320746,9.772260,20.081603,-2.40577154841289,14.5363334748872
2.693936,9.877311,18.399206,9.762405,20.217682,-2.6356768596982,14.8962459864395
2.7488896,9.809675,18.389399,9.693417,20.227402,-2.71827497679203,15.2514091835599
2.782616,9.780688,18.301130,9.644140,20.042723,-2.31990949862567,15.0951546874583
2.8114112,9.722714,18.350168,9.683561,20.159362,-2.92141664194728,15.3629447990268
2.8463968,9.761363,18.418821,9.565296,20.198242,-2.2206918078726,15.713028735935
2.8838752,9.732376,18.448244,9.585007,20.207962,-2.32592458646542,15.788687914423
2.9139424,9.693727,18.458052,9.663850,20.305161,-3.07386818771304,15.8234237554737
2.9438816,9.693727,18.428629,9.634284,20.217682,-2.76375099127291,15.7478511828075
2.9888624,9.645415,18.458052,9.565296,20.217682,-2.58618206926245,16.0944700983727
3.0164608,9.616428,18.487474,9.575152,20.217682,-2.62028954940104,16.1832607361466
3.047664,9.616428,18.507090,9.565296,20.276001,-2.72062310910354,16.3107911283681
3.0813984,9.664740,18.565935,9.565296,20.276001,-2.30928832113828,16.2603352863385
3.1188976,9.558454,18.497282,9.535730,20.207962,-2.62726936728336,16.4402169999961
3.1489168,9.655077,18.575743,9.555441,20.285721,-2.30824059281903,16.3369777551694
3.1826784,9.529467,18.565935,9.506164,20.266281,-2.57896575551688,16.7599713557808
3.221352,9.587441,18.703241,9.555441,20.295441,-2.11434223401809,16.6924756654612
3.263944,9.500480,18.693434,9.466742,20.324601,-2.26900699239716,17.1808186229971
3.3214224,9.365208,18.820932,9.456887,20.363480,-2.40416557198962,17.7785792424256
3.3539872,9.249260,18.840547,9.407610,20.450959,-2.91291757613048,18.354448161377
3.3839408,9.229935,18.899393,9.299200,20.509279,-2.57926798061792,18.8437236267962
3.4163568,9.133312,18.869970,9.348477,20.509279,-3.24360333850846,18.9335453694382
3.4563952,9.162299,18.997468,9.348477,20.587038,-2.9222409854987,19.113427754346
3.4863824,9.142974,18.840547,9.387899,20.528719,-3.53289999264964,18.7894432309015
3.5163824,9.200948,18.791509,9.417465,20.460679,-3.35922665663621,18.4073059624409
3.5476496,9.152637,18.575743,9.486453,20.480119,-4.70348102143926,18.1022751271266
3.5876576,9.249260,18.634588,9.604718,20.567598,-4.83870992982452,17.7166452792781
3.6189024,9.307234,18.595358,9.663850,20.499559,-4.73416894970437,17.2693626748624
3.648944,9.365208,18.536512,9.663850,20.441240,-4.5283565047731,16.9654799936589
3.688896,9.355545,18.467859,9.703272,20.450959,-5.00844403947004,16.8108137081128
3.718872,9.355545,18.389399,9.713127,20.412080,-5.20955818162427,16.6327772513576
3.7501504,9.394195,18.369784,9.791971,20.382920,-5.31352439992971,16.2595269044192
3.780168,9.413519,18.438437,9.772260,20.460679,-5.17932056158279,16.4508532958244
3.8313984,9.432844,18.310938,9.821537,20.382920,-5.49798466823815,16.0033380595329
3.8626992,9.452169,18.379591,9.811682,20.373200,-5.08579138948938,16.0554436170228
3.9051616,9.452169,18.330553,9.791971,20.363480,-5.17095095836329,16.0304789308878
3.9463936,9.471493,18.350168,9.742694,20.421800,-5.05198772048168,16.2109159122316
3.9742176,9.500480,18.340361,9.782115,20.334321,-4.80518215871301,15.9041572292496
4.0051536,9.587441,18.261900,9.821537,20.178802,-4.35469304804809,15.2649641706422
4.0464192,9.626090,18.261900,9.851103,20.091323,-3.99587421816514,14.9705391014465
4.0751792,9.771025,18.114787,9.929947,20.071883,-4.21858912622696,14.1650625713081
4.1064864,9.857986,18.085364,10.008790,20.091323,-4.34932087210861,13.7220784878861
4.137632,9.848324,17.918635,10.067922,20.149642,-5.45463588292115,13.4482342877471
4.178896,9.886973,17.693061,10.196043,20.178802,-6.74515101625917,12.7520884425506
4.2089328,9.973934,17.555755,10.265031,20.149642,-7.08396451095912,12.124119475528
4.2390128,9.983596,17.604793,10.274886,20.139923,-6.85443467867539,12.1281782841989
4.2801744,9.973934,17.555755,10.294597,20.101043,-7.01636818346028,11.9815765326492
4.310184,9.925623,17.575370,10.255175,20.042723,-6.78117682182939,12.1531390919164
4.3414176,9.877311,17.751906,10.136910,20.110763,-6.09952874298834,12.9166351036147
4.375168,9.819337,17.840174,10.196043,20.237122,-6.64153449045905,13.2049542690296
4.4126784,9.780688,17.889212,10.097489,20.314881,-6.5271508925205,13.7294673559235
4.443968,9.742038,17.987288,10.038356,20.295441,-6.01596558294167,14.0877029403114
4.474264,9.664740,17.987288,9.989079,20.324601,-6.24585618664658,14.4550352077287
4.515216,9.684064,18.006903,9.989079,20.285721,-5.95519320698831,14.3791047490334
4.5651616,9.558454,17.967673,10.008790,20.363480,-6.94728288218222,14.7060884872463
4.59644,9.568117,18.085364,9.959513,20.412080,-6.44634724011863,15.0299673468676
4.6364032,9.548792,18.154017,9.860959,20.402360,-5.86802464372457,15.4155965048273
4.6676976,9.548792,18.085364,9.880670,20.480119,-6.48342422744154,15.3760407554687
4.6977248,9.548792,18.046133,9.979224,20.450959,-6.88342733492559,15.0284968458375
4.7301536,9.577779,18.036326,9.939802,20.470399,-6.73745538791905,15.0684376031869
4.7701536,9.645415,17.957865,9.959513,20.382920,-6.538848306969,14.6207327361035
4.8001984,9.732376,17.899020,9.910236,20.334321,-6.07987819260557,14.3792977465186
4.8314432,9.742038,17.879405,9.979224,20.373200,-6.50336159236934,14.2006743759899
4.8814288,9.771025,17.781329,10.058067,20.324601,-6.88140018173784,13.7243110263385
4.9126752,9.828999,17.761714,10.067922,20.295441,-6.66250974211863,13.4831174227746
4.942696,9.790350,17.791137,10.077778,20.324601,-6.83731323393085,13.6365528333732
4.9777152,9.761363,17.771521,10.107344,20.353760,-7.23614594322418,13.6479133295618
5.0151632,9.751701,17.869597,10.097489,20.412080,-7.06162035578666,13.9083929811705
5.0451808,9.722714,17.957865,10.008790,20.450959,-6.65360742727798,14.3825730793512
5.0776992,9.587441,18.006903,9.959513,20.431520,-6.74666848524668,14.90145338979
5.1177776,9.481156,18.104979,9.841248,20.402360,-6.25358501154198,15.5799207570143
5.1464464,9.316896,18.340361,9.732838,20.431520,-5.69194872444556,16.6443910166091
5.1927552,9.287909,18.556127,9.752549,20.450959,-5.10479960565337,16.9731902433286
5.2376608,9.200948,18.811124,9.535730,20.528719,-3.95560420277377,18.2031004096513
5.2688992,9.162299,18.928815,9.525875,20.441240,-3.30030544373506,18.3704064473529
5.2989536,9.104325,18.869970,9.486453,20.373200,-3.36246753743553,18.4697636674386
5.3401504,9.085000,18.899393,9.447031,20.421800,-3.3566723037804,18.7257028712534
5.3713904,9.200948,19.007276,9.516019,20.285721,-2.25186305764557,18.1961759162707
5.4014224,9.258922,19.056314,9.535730,20.198242,-1.59598349821536,17.9407856489494
5.4464592,9.326558,19.399579,9.338622,19.887205,1.82856072059098,18.3262964116924
5.4826912,9.722714,20.321491,9.151369,18.944374,10.9509569407917,17.7445055930696
5.513968,10.031908,20.909946,9.023248,18.098743,17.9382742483644,16.9364688216592
5.5439424,10.215492,21.312057,8.914839,17.603027,22.3806306143551,16.6174288370094
5.5851808,10.544011,21.949549,8.816285,16.747676,29.5362218751005,15.7299929610335
5.6152288,11.056114,22.577234,8.629032,15.201364,40.6288601856421,13.655449552057
5.6464512,11.278348,22.508581,8.648743,14.781123,42.8849403978942,12.3542347041192
5.681424,11.461932,22.086855,8.727586,14.751804,41.9224722576533,11.0424114544781
5.7189472,11.288010,21.665129,8.964116,15.240456,36.8328453653611,10.9755989623728
5.7489008,11.143075,20.929561,9.210501,16.446359,27.7560862931052,11.3750635580817
5.7789216,10.708271,19.850728,9.545585,17.729386,15.9889970011071,11.9134050452313
5.8151936,10.157518,18.850355,9.791971,19.138772,3.98353847195761,13.2553667990744
5.8614112,9.587441,17.644023,10.205898,20.849476,-10.5081630843847,14.3351876262634
5.8914496,8.650196,16.927628,10.945054,23.075334,-26.9736332126455,16.7966378140317
5.935144,7.848223,15.717094,11.309705,24.737437,-41.6360546094314,18.4871833897147
5.962704,6.862666,14.705009,11.703921,26.564779,-56.7323345877852,21.0146210890412
5.9926864,5.674200,13.355561,12.117849,28.771198,-75.2871415354258,24.0591830833114
6.0242752,4.050929,11.222244,12.551487,31.308093,-100.966757248182,27.7461267732523
6.074056,3.345580,10.001787,13.379342,34.029666,-117.680336188405,28.9970919787919
6.1081024,3.625787,10.587209,14.640835,36.313844,-118.367861789924,27.8517522821025
6.1364096,3.732073,10.557442,15.015341,36.274964,-118.45613849249,26.581837958093
6.187752,3.819034,10.190313,15.123750,34.894738,-118.063891960977,24.3062509751583
6.2176816,3.915657,9.704115,14.916787,32.134285,-115.602114409867,20.9885786365909
6.2489472,3.973631,9.436210,14.818232,30.734619,-114.327807898624,19.0952285875036
6.29016,4.079916,9.307219,14.729534,30.209744,-113.422091151287,18.2337790842881
6.3214064,4.050929,8.999624,14.443727,28.460161,-111.813768224736,16.399600353398
6.352696,4.012280,8.821021,14.010088,27.235453,-110.050638090854,15.777075755811
6.3826976,4.070254,8.612650,13.537029,26.234303,-108.109647854815,15.2279549517306
6.422648,4.070254,8.453892,13.428619,25.408111,-107.219341588349,14.0799929984789
6.4581232,4.186202,8.265366,13.645438,24.581919,-106.418658291447,11.5376105954149
6.4939696,4.427760,8.354668,14.246618,24.669398,-105.74552983006,9.40301061449802
6.5451632,4.611344,8.592805,14.828088,25.641389,-106.28314355941,9.1838890798309
6.5764016,4.688643,8.959935,15.389847,27.050775,-107.439752897395,10.1424504054859
6.6064368,4.785266,9.277452,15.754497,28.110244,-107.687742322382,10.9169533435845
6.6464528,4.862565,9.317141,15.961461,28.362962,-107.858017873042,10.6060051192177
6.6777296,4.939863,9.327064,16.424665,29.130834,-109.539398532357,10.3343880366395
6.7082608,5.007500,9.555279,16.417606,29.743188,-108.962248735293,11.3153136274265
6.7402272,4.881889,9.456055,16.485931,29.655709,-110.15301142396,11.2067382868012
6.7902224,4.872227,9.346908,16.417606,29.558510,-110.522758883872,11.1216304181645
6.8202032,6.939964,10.358994,17.198456,29.655709,-96.0457607926651,5.97271137856681
6.8526448,7.848223,10.507830,17.061807,28.586520,-88.6230015363121,3.02467212803882
6.9026576,9.886973,12.214484,15.843196,24.387521,-59.2735116215179,-2.35579700950926
6.9338992,10.495700,13.047967,14.473293,21.306311,-40.9596719681175,-4.20395770826591
6.9639488,11.259023,14.327957,13.172378,18.526418,-19.4030453662369,-5.47750793184248
7.0039104,14.418603,17.055568,12.748595,12.210812,28.6883626445572,-17.9989166438103
7.0351392,17.491861,22.126085,11.684210,9.171394,70.8659642186956,-18.2403063193381
7.0676592,20.287038,27.010259,9.447031,8.760926,99.8378722604433,-11.7329147071512
7.1239568,21.439688,28.932544,6.352431,7.930217,124.543046733284,-6.24599024347883
7.167648,22.477073,28.089092,6.450985,7.549068,126.306861720807,-10.3918662549495
7.1989488,21.103498,25.764696,6.096190,7.079962,125.177656945401,-11.5218970525439
7.2490032,20.171773,24.940860,5.958214,7.089735,123.054584300338,-10.6736933923881
7.2789344,18.020159,23.430493,5.573853,6.913820,119.948191887864,-7.97248825891382
7.3102176,17.424623,21.851473,5.613275,6.620629,117.355484265538,-10.2126417704217
7.3526496,17.299753,20.998214,5.623130,6.386076,116.830619564502,-12.1295206161571
7.382704,17.194093,19.870343,5.721684,6.210161,114.748772907003,-14.8760274760427
7.4126816,17.126855,19.693806,5.839949,6.151522,113.822034260079,-15.5166682918355
7.4439728,17.088433,19.762459,5.849805,6.298118,112.844759497676,-14.9750247794502
7.4839248,17.222909,20.625526,5.948359,6.561990,112.627574007231,-13.1476121802131
7.5139024,16.973168,21.890704,5.928648,7.099508,111.485148087138,-8.86401062991511
7.5451904,16.617768,23.391263,5.790672,7.617480,111.508767373038,-3.88512884544376
7.5913936,16.718236,25.274317,5.603419,8.252728,112.767372200299,0.633349646017813
7.626432,16.524990,26.725839,5.396456,8.575238,114.472209152677,4.41578503844662
7.6565696,16.650600,27.520253,5.288046,8.594784,116.648656018426,5.59875550833886
7.698928,16.982774,29.305232,5.475299,9.249578,115.694905040547,7.83665641918749
7.7327136,17.549494,29.481768,5.465444,9.142075,117.580453896704,6.62901883104373
7.7702416,17.146066,28.275436,6.628383,9.278898,107.885052188868,3.37509470276082
7.8126976,16.675400,25.705851,8.826140,9.953238,87.2426282892815,-3.30631551800057
7.8501856,15.056317,22.253584,11.575801,16.922634,32.683785807839,-0.509231250656214
7.8839264,12.862969,18.516897,11.358982,17.554428,12.5518334515239,0.164881932127187
7.9114448,11.780789,16.869224,11.161873,17.583588,3.33528891881823,0.622263319941663
7.962632,10.080220,15.984999,11.772909,21.413230,-22.3239795595533,7.66945650139892
7.9926752,9.500480,13.216648,13.950956,22.336621,-46.0973512846192,1.1419187029133
8.0239584,8.572897,10.051399,15.626376,23.629368,-73.4765011529632,-3.56475436177898
8.0639024,7.606665,9.644581,16.729946,27.264613,-90.8405761127096,1.16258309617385
8.0951648,5.509940,10.220080,17.764572,31.308093,-107.699478338769,9.87217250295108
8.1253776,5.664538,10.547520,18.291646,32.163445,-107.508121096766,9.83102592696017
8.1601952,5.732174,10.438373,18.223321,31.862128,-107.125983258031,9.32497986838082
8.2001936,5.432642,10.081167,16.934919,30.015346,-105.263191520316,10.1167880219983
8.2276864,5.152434,9.932331,16.000882,29.033635,-104.158946172897,11.5374652017471
8.258912,5.094460,9.624736,15.271582,27.400691,-101.753117223619,10.8520835278671
8.3001952,5.017162,9.336986,14.857654,26.448141,-101.138263094886,10.3473098112722
8.3289376,4.823915,9.237762,14.364883,25.942706,-100.81665783502,11.2914782357419
8.3626928,4.707967,9.247684,13.586306,25.709428,-99.3278657748888,13.4322107940749
8.4188928,4.456747,9.336986,12.728884,25.602509,-98.2210399854408,16.5890808747445
8.4526976,4.205527,9.039314,12.009439,24.824917,-98.2857453681937,17.9372680779566
8.4827024,4.166877,9.029391,11.910885,24.912396,-98.5696517738208,18.4746393301008
8.5138992,4.070254,9.446133,11.763054,25.864946,-98.3718738052701,21.17621404538
8.5551664,4.205527,10.011710,12.107993,27.702008,-98.8609749444397,22.9160010270804
8.5851824,4.389111,10.388761,12.748595,28.907277,-99.4182821297689,22.5219184504147
8.616448,4.543708,10.825347,13.339920,30.083385,-99.6130814937146,22.4068902005034
8.6576784,4.649994,10.825347,13.803125,30.472181,-100.658229974572,21.3460975459176
8.687872,4.823915,10.964261,14.443727,31.123415,-101.383519498554,20.1608809811269
8.7188848,4.881889,10.894804,14.798522,31.103975,-102.049194865237,19.011025542957
8.7539808,4.978513,10.745968,15.271582,30.744338,-102.525181134392,16.9793782213921
8.7901904,9.577779,11.559605,16.837313,29.383552,-76.9269230782978,2.3485048951283
8.8213664,10.949829,11.549683,16.544494,26.195423,-63.4733761153583,-4.32710264252928
8.8514592,11.916061,12.184717,16.178280,22.482420,-46.53011440795,-10.3005868997695
8.8926704,11.780789,12.700682,14.502859,19.469249,-31.4560362208697,-10.7596025936762
8.9264704,11.703490,13.325794,13.339920,17.321150,-18.1986214497506,-10.7687989536316
8.9527248,12.959592,15.488879,13.270932,15.777974,1.43445463262465,-12.2538943266417
8.987672,15.201252,16.780956,13.270932,13.657223,22.269348029783,-18.4349359772404
9.0451488,18.788592,19.409387,14.039655,10.314841,51.608926256146,-27.8964011081955
9.0754064,20.978628,20.419567,12.167126,8.839110,74.4412482423169,-29.3403031888414
9.1089472,21.286001,21.233596,8.727586,7.861806,98.6705502833763,-24.0102683116902
9.155168,22.601943,22.488966,8.786718,8.194089,101.740575061778,-23.5353255507691
9.1865088,22.563522,22.900884,8.855706,8.477508,100.679941238757,-22.313551161571
9.2177024,22.477073,23.038190,8.845851,8.604557,100.19300372163,-21.6603748825154
9.2564128,20.872968,21.920126,8.293948,8.360231,98.8901922527917,-20.104209742005
9.2864736,19.240047,20.684372,7.811032,8.076813,96.9350160110176,-18.7464233944352
9.3176496,17.981737,19.262273,7.397105,7.764075,94.925463258883,-18.6555046725518
9.3651712,17.357385,18.781702,7.259129,7.607707,93.9876326939305,-18.2769391236008
9.4002288,16.167484,17.948058,6.855057,7.588160,91.4046959844622,-16.338131090534
9.4302256,15.974237,17.899020,6.697370,7.549068,92.0002526882552,-15.6616807251743
9.4801648,15.838965,17.957865,6.756503,7.558841,91.3600753823462,-15.3176524152804
9.5114448,16.061198,18.997468,6.825491,8.067040,91.1000072720815,-12.7046848386966
9.542728,16.631275,19.899765,7.101442,8.438416,90.9723117895172,-12.1565737358939
9.5755216,16.795535,20.203800,7.199997,8.536146,90.9891441225948,-11.9832626008098
9.6239264,17.001985,21.871088,7.397105,9.249578,90.3674167178395,-8.43784845452339
9.6651744,17.270936,22.469351,7.475948,9.288671,91.7271891031335,-8.0942826005703
9.7151792,17.693575,24.175869,7.328117,9.933692,93.7924021477552,-4.71878415094249
9.7464208,18.308322,24.970283,7.663201,10.138926,93.9964280762595,-5.18500290444114
9.7764656,19.970059,24.097408,13.753848,11.057592,64.2208207438799,-19.8708455008196
9.8077296,18.173846,20.792255,14.029799,10.881677,51.3306033700108,-23.1847773883802
9.8489392,16.795535,17.155844,15.409557,10.608032,32.3378960835983,-30.682096716204
9.8789488,15.027330,15.131672,16.020593,14.732258,1.58459861120758,-24.4553275986158
9.90896,13.278449,13.395251,15.054762,15.738882,-11.8259750083818,-20.6506023677895
9.9501328,12.109308,13.563932,14.611269,19.080453,-25.5475356969229,-10.863783188524
9.9814544,12.099645,13.643311,15.931894,21.004994,-34.9691958082388,-10.2050674332348
10.0114464,11.974035,12.283941,16.632340,19.556728,-39.0376374762944,-16.1397065671788
10.0451968,11.539231,11.202399,16.505452,18.118182,-41.1480840096559,-19.7038692647962
10.0838944,11.210712,11.023795,16.572496,17.690507,-42.3981983971067,-20.3606680572861
10.1139456,11.336322,11.083330,16.661622,17.836305,-42.2473624829841,-20.3933663218552
10.145192,11.442607,11.192476,17.208217,18.361180,-44.4157251865201,-20.4711201764329
10.1838992,11.413620,11.420692,17.530317,19.090173,-46.5059595492883,-19.2349567756697
10.215192,11.490919,11.281778,17.491275,19.002694,-46.4282168102279,-19.7344741939003
10.2489648,11.278348,11.291700,17.305823,18.876335,-46.4648619043242,-19.1661625162782
10.27772,11.201049,11.162709,17.100850,18.594458,-46.0175022261749,-19.3819745783799
10.331448,11.490919,11.529838,17.013004,18.186222,-41.5921907089775,-19.8659449715691
10.35932,11.568218,11.986269,16.915398,18.244541,-39.0979131348817,-18.8470633980088
10.3889152,11.684166,12.313708,16.827552,18.361180,-37.2399630332892,-18.0729108229843
10.4426816,11.771126,12.601458,16.515212,17.933504,-33.3912821666493,-17.8814208186976
10.4714368,11.684166,12.879286,16.542930,17.768266,-32.1500984519699,-17.5526476460741
10.5027792,11.684166,13.147191,16.266978,17.700226,-29.9434433440883,-16.6240574008603
10.5451664,11.674503,13.544087,16.000882,17.846025,-27.9311008608088,-15.0697702095966
10.572704,11.539231,13.811992,15.902328,17.933504,-27.3404801612345,-13.9496179650322
10.6039104,11.471594,13.990595,15.577099,18.040423,-26.1902212499245,-12.6255425069164
10.6451808,11.326660,14.159276,15.301148,18.195942,-25.70999400995,-11.1697112876322
10.6851552,11.172062,14.536328,15.025196,18.332020,-24.3408014876301,-9.36383375016744
10.7152096,11.065777,14.764543,14.729534,18.438939,-23.2325147970937,-7.92503052525323
10.748952,10.901517,15.042371,14.493004,18.594458,-22.504035516245,-6.3220617953338
10.796424,10.785569,15.469034,14.177630,18.613897,-20.2731218730281,-4.63200860672238
10.827688,10.708271,15.806396,13.980522,18.575018,-18.445260760426,-3.53356216839557
10.8577584,10.708271,16.074301,13.724281,18.506979,-16.2939023173451,-2.63460879879679
10.898968,10.630972,16.262827,13.566595,18.400060,-14.9636054908381,-1.97035215685047
10.9326928,10.524687,16.471197,13.310354,18.419499,-13.7570619407353,-0.777877476127969
10.9701664,10.572998,16.798637,13.113246,18.370900,-11.4324743066432,0.00300837301809764
11.011384,10.495700,16.858171,13.123101,18.409779,-11.6690054502907,0.312396440460031
11.0415648,10.418401,16.927628,12.994981,18.487539,-11.5277270000475,1.0180568938057
11.0754992,10.495700,16.937551,12.935848,18.545858,-11.1818934695563,1.08084236012457
11.1039584,10.418401,16.937551,12.906282,18.594458,-11.55097089462,1.40504848107695
11.145144,10.321778,16.848249,12.906282,18.895775,-13.3099147094983,1.95541764894713
11.1754336,10.283129,16.907783,12.886571,19.051293,-13.6856390571682,2.41843976610213
11.2064128,10.205830,16.808559,12.807728,19.167932,-14.5130854616939,2.81183114218103
11.2502304,10.080220,16.689490,12.758451,19.197092,-15.4230711952644,3.08975223887407
11.287664,10.051233,16.719258,12.650041,19.420650,-15.806209371327,3.79684012347744
11.3177088,9.915960,16.739102,12.600764,19.595608,-16.6897923313093,4.52714087494546
11.3526992,9.906298,16.937551,12.521921,19.780286,-16.2846129358438,5.3028488165439
11.3901584,9.800012,17.036775,12.512065,19.858045,-16.5382043817961,5.83894233699937
11.4201664,9.684064,17.145921,12.344523,19.848325,-15.9760412825083,6.66609139671234
11.4513936,9.548792,17.185611,12.236114,19.838605,-15.9645240820756,7.30160120809783
11.5014,9.558454,17.145921,12.216403,19.838605,-16.0191768314224,7.26909962310381
11.5327168,9.539130,17.195533,12.186837,19.994124,-16.318439569486,7.6823693037415
11.5639504,9.500480,17.245145,12.078427,20.052443,-16.1072370837723,8.19598103828301
11.6139104,9.384532,17.324525,12.107993,20.169082,-16.741274727987,8.68519336907547
11.6451808,9.355545,16.339615,12.058716,20.237122,-20.9472335482685,7.56731384337529
11.6839536,9.278247,16.359230,12.039005,20.314881,-21.3791418490036,7.94924789433979
11.726448,9.191286,16.408268,11.920740,20.431520,-21.5318541528629,8.69947181056148
11.7564048,9.191286,16.339615,11.832042,20.518999,-21.8145335078642,8.94859291906418
11.787664,9.113987,16.359230,11.812331,20.655077,-22.4390533468777,9.41420611468661
11.8189616,9.065676,16.447498,11.733488,20.761996,-22.3640610509486,10.0105572935136
11.858952,8.978715,16.398461,11.694066,20.907795,-23.2824321228503,10.4657845461128
11.8889536,8.872429,16.398461,11.684210,21.247992,-24.8027153624253,11.2336940050855
11.9201792,8.795131,16.408268,11.595512,21.364631,-25.1773136744919,11.8296425966973
11.960456,8.795131,16.457306,11.487102,21.588188,-25.3414278308356,12.4784066386976
11.9921568,8.669520,16.486729,11.358982,21.792306,-25.9908176290686,13.4431169295076
12.021408,8.543910,16.437691,11.142163,21.714547,-25.7827309982049,14.1576133062463
12.052768,8.495599,16.408268,10.876066,21.753427,-25.3764702990072,14.9922575301833
12.0939328,8.360326,16.712303,10.531127,22.326901,-25.4004749553505,17.4087360749553
12.1239456,8.263703,16.731918,10.373440,22.356061,-25.3108498081989,18.1484615870543
12.154272,8.157417,17.045761,9.811682,22.579619,-23.325120061596,20.626079380876
12.1964336,8.031807,17.398833,9.525875,22.851776,-22.3221822502128,22.5118400777971
12.245176,7.915859,17.771521,9.121803,23.405810,-21.743315728763,25.0322935060069
12.2777344,7.790249,17.673446,8.983827,23.522449,-22.6065491306498,25.7869541030362
12.3264832,7.703288,17.634215,8.845851,23.600209,-22.9385879606465,26.4616715057706
12.3564176,7.712950,17.624408,8.757152,23.843206,-23.4448460985605,26.9464397604307
12.3889248,7.645314,17.496909,8.816285,23.862646,-24.5244009124989,26.8493120791322
12.4276704,7.645314,17.585177,8.835996,23.862646,-24.2155786327557,26.8927269533693
12.4592272,7.645314,17.634215,8.619176,23.920965,-23.4913145861845,27.6249035218808
12.4889136,7.597002,17.683253,8.589610,24.018164,-23.7094393407067,28.0073730631829
12.5314464,7.587340,17.663638,8.678309,24.027884,-24.1537572997751,27.7725042718635
12.5701552,7.597002,17.673446,8.609321,23.901526,-23.4336318636404,27.8118287014328
12.6001808,7.606665,17.693061,8.560044,23.882086,-23.0847371270434,27.9245729545078
12.6314368,7.664639,17.732291,8.609321,23.882086,-22.837726869352,27.6636836239874
12.6714608,7.616327,17.761714,8.569899,23.911246,-22.8833755281976,27.9771119868067
12.702704,7.712950,17.742099,8.648743,23.804327,-22.4680419412018,27.3401495813889
12.7327136,7.664639,17.761714,8.619176,23.687688,-22.1066450492692,27.4525444768875
12.7677328,7.732275,17.702868,8.638887,23.580769,-21.7812524117482,27.0196576684184
12.8039504,7.790249,17.732291,8.757152,23.444690,-21.3559420236616,26.4015894184815
12.8351536,7.857885,17.849982,8.855706,23.308611,-20.4582735075696,25.9137698925963
12.8914256,7.993158,17.849982,8.904983,23.162813,-19.5755492948409,25.2312445878575
12.9265072,8.157417,17.742099,9.240068,22.667098,-18.8047741043953,23.1417568308671
12.9564208,8.244378,17.653830,9.358333,22.462980,-18.5216283284063,22.2274675118231
12.9877232,8.263703,17.663638,9.486453,22.365781,-18.5052408384152,21.7179144685511
13.0388976,8.437625,17.555755,9.821537,21.976985,-18.0518961519352,19.7247289352763
13.068912,8.572897,17.545947,9.998935,21.811746,-17.5767729421914,18.6652537163809
13.1002112,8.640533,17.555755,10.067922,21.665948,-17.0000513909085,18.1283308039123
13.1476992,8.717832,17.457679,10.235464,21.568749,-17.3226078734673,17.2284640846192
13.181464,8.717832,17.359603,10.343874,21.413230,-17.5661614107424,16.6139817578876
13.2114512,8.717832,17.379218,10.294597,21.384070,-17.220382753006,16.7319366271254
13.245224,8.785468,17.320373,10.363585,21.452110,-17.6470513265704,16.3830200957548
13.2827136,8.698507,17.300758,10.442428,21.471549,-18.4159429640065,16.4041846936561
13.3127344,8.717832,17.251720,10.383296,21.500709,-18.4377833287117,16.483323565145
13.3439552,8.679183,17.212489,10.422717,21.490989,-18.8591574338831,16.4175373835359
13.3939696,8.640533,17.241912,10.462139,21.578468,-19.3221422440851,16.5675611788199
13.4251952,8.659858,17.163452,10.521272,21.636788,-19.9583637016028,16.3346712838544
13.4564112,8.679183,17.104606,10.540982,21.549309,-19.8965432779544,16.0410602421085
13.5076864,8.659858,16.967300,10.521272,21.549309,-20.4824134417013,15.9638924197861
13.5477472,8.601884,16.986915,10.600115,21.733987,-21.5167739179959,16.1763881805654
13.5776816,8.611546,16.957492,10.540982,21.850626,-21.788968966351,16.4202121629802
13.6289712,8.582559,16.957492,10.639536,21.850626,-22.234250497299,16.2372023325034
13.6593888,8.563235,16.947685,10.560693,21.899225,-22.2566572766269,16.5459440995638
13.69016,8.601884,16.918262,10.580404,21.918665,-22.3466805087097,16.379319390394
13.7301872,8.563235,16.898647,10.600115,21.899225,-22.5913819525655,16.3783938145878
13.761448,8.495599,16.849609,10.619826,21.870066,-23.050093541385,16.4029389392372
13.7932384,8.543910,16.869224,10.619826,21.850626,-22.7009156310406,16.275766683493
13.8252432,8.524586,16.849609,10.590259,21.996424,-23.2453265185774,16.5687493982017
13.8627328,8.495599,16.790764,10.669103,21.947825,-23.7136069778768,16.2976518082497
13.89292,8.505261,16.820186,10.639536,21.928385,-23.3888754691602,16.3631070807431
13.9239312,8.466612,16.829994,10.600115,22.035304,-23.7308355655899,16.7206763324498
13.9639024,8.466612,16.839802,10.540982,22.015864,-23.4327484735955,16.8645000564234
13.9939536,8.418300,16.928070,10.590259,21.996424,-23.3622498327569,16.9509301837324
14.0252352,8.398975,16.937877,10.511416,21.996424,-23.1441085627234,17.2235928238569
14.0577152,8.341001,17.055568,10.501561,22.015864,-22.9245810818713,17.579821222415
14.1064608,8.408638,17.084991,10.452284,21.986704,-22.2601788516914,17.5314117649193
14.156424,8.379651,17.212489,10.393151,22.006144,-21.7178938931217,17.9531518238182
14.197704,8.321677,17.281143,10.265031,22.122783,-21.6355119009596,18.6837919427479
14.2377408,8.254040,17.290950,10.127055,22.151943,-21.5176106456138,19.2839181020116
14.2689104,8.099443,17.271335,10.097489,22.171383,-22.2145670040628,19.7806075044401
14.3027104,8.109106,17.389026,10.058067,22.336621,-22.0955148579743,20.2125832872522
14.3401952,8.031807,17.496909,10.008790,22.433820,-22.1253357053324,20.8072954233252
14.3701536,8.041469,17.487102,9.929947,22.511579,-22.1223770324456,21.0778839262589
14.401472,8.031807,17.477294,9.811682,22.647658,-22.2623610633653,21.5790248802256
14.4426608,7.973833,17.447871,9.742694,22.735137,-22.689192792439,21.9954601912585
14.4739424,7.886872,17.447871,9.683561,22.774017,-22.9880400405664,22.4423969701907
14.506424,7.886872,17.477294,9.653995,22.910095,-23.2135381187616,22.7214297373221
14.5339968,7.790249,17.477294,9.535730,22.939255,-23.3282782434259,23.3478653510573
14.5751952,7.828898,17.496909,9.545585,23.085054,-23.5923383796649,23.4095611092792
14.605224,7.828898,17.575370,9.535730,23.065614,-23.1670218158545,23.5062334650068
14.6601904,7.741937,17.575370,9.456887,23.085054,-23.338089902248,23.9869406781072
14.6965024,7.712950,17.644023,9.348477,23.230852,-23.2936264994334,24.6177837183091
14.7276944,7.722613,17.624408,9.289345,23.211412,-23.0781140735153,24.7100149720539
14.7664816,7.664639,17.683253,9.338622,23.230852,-23.2995571844727,24.8248134934557
14.8226848,7.674301,17.712676,9.190790,23.221132,-22.6183373645809,25.2326567542629
14.8603168,7.674301,17.693061,9.279489,23.260012,-23.119598969194,25.0074547089676
14.8901856,7.674301,17.771521,9.269634,23.269732,-22.7899226634134,25.1363752217424
14.9314704,7.587340,17.859790,9.161224,23.425250,-22.9386940493498,25.9595217500789
14.9614944,7.577678,17.869597,9.102092,23.386371,-22.6168809202815,26.1191033009416
14.9915616,7.568015,17.859790,8.885273,23.503010,-22.3691032428157,26.8763969796194
15.0415312,7.500379,17.859790,8.698020,23.639088,-22.4845464934784,27.7500223654663
