0.041312,11.404910,16.476921,13.823080,19.109613,-6.50418379927273,0.560238467581051
0.0750192,11.347044,16.369038,13.754164,19.022133,-6.63341775521223,0.534399697365561
0.1164864,11.424198,16.359230,13.891995,18.992974,-6.72834515170426,0.000945318828748043
0.1439888,11.414554,16.398461,13.852615,19.031853,-6.61230611742365,0.230688260818738
0.1750464,11.443487,16.437691,13.921530,19.061013,-6.66929996822589,0.123376532494355
0.2103216,11.424198,17.223747,14.000291,18.847175,-3.30787435450135,0.878930531263233
0.246576,11.414554,17.203911,13.970756,18.711097,-2.87413222762436,0.724651270336754
0.2774816,11.404910,16.496536,14.059361,18.924934,-6.59689580033708,-0.213935616400956
0.3099104,11.501352,16.378845,14.118431,18.905495,-6.80785195057233,-0.767330899698145
0.3488864,11.578506,17.124568,14.147967,18.633337,-2.88343769080023,-0.257819157084647
0.3789408,11.530285,17.065060,14.197192,18.448659,-2.84245080368268,-0.640381582947366
0.4465104,11.646015,17.164239,14.275952,18.536138,-2.58288572121353,-0.767548799764352
0.481616,11.703881,16.408268,14.088896,18.487539,-4.44895256526063,-1.7578787305357
0.5127056,11.646015,16.457306,14.177502,18.545858,-4.96716418968506,-1.6531063117495
0.5538512,11.578506,16.437691,14.019981,18.516698,-4.68556944229601,-1.2434844527528
0.5962576,11.482064,16.506344,14.098741,18.633337,-5.43673845331213,-0.911030923819581
0.6303888,11.520640,16.486729,14.000291,18.662497,-5.13584168142015,-0.765705735394313
0.66904,11.501352,16.535767,13.970756,18.584738,-4.66743880004209,-0.704731608292224
0.7067136,11.578506,16.574997,13.960910,18.672217,-4.47789557013211,-0.651270438384167
0.7364912,11.588150,16.614227,13.980601,18.730536,-4.54821360131358,-0.5615286796757
0.7677216,11.568862,16.359230,13.980601,18.652777,-5.34392557532381,-1.04524155093917
0.8137952,11.559217,17.223747,14.088896,18.643057,-2.42144669518411,0.0799751617468409
0.8504064,11.655660,17.203911,14.147967,18.536138,-1.9771410162546,-0.451730123019736
0.8803056,11.617083,17.104732,14.246417,18.652777,-3.199949243032,-0.553295965419583
0.9152784,11.617083,17.035306,14.246417,18.623617,-3.36516520612213,-0.706641847838156
0.965216,11.607439,16.896455,14.295643,18.594458,-3.9906274531545,-1.05414142740845
1.001488,11.674948,17.025388,14.187347,18.613897,-2.95925096402263,-0.734657991121992
1.0412992,11.713525,17.005552,14.246417,18.643057,-3.17837835672381,-0.929557635975925
1.0927696,11.684592,17.184075,14.147967,18.623617,-2.23136508563588,-0.408974643832295
1.12376,11.549573,17.213829,14.079051,18.633337,-2.43028268203136,0.0917526448744574
1.1638272,11.597794,16.378845,14.029826,18.633337,-5.25521017954654,-1.21485471140689
1.1938128,11.588150,16.369038,14.010136,18.681937,-5.42523627992598,-1.08955157868984
1.2250368,11.597794,16.437691,13.911685,18.720816,-4.92802197095666,-0.72609922329428
1.2575936,11.578506,16.408268,13.951065,18.691657,-5.14887412995329,-0.862517557591481
1.2962096,11.578506,17.233665,14.000291,18.623617,-1.9556084587182,0.215232093754626
1.3276032,11.713525,17.243583,14.039671,18.545858,-1.28746507086487,-0.266511932673186
1.3573728,11.732814,16.418076,14.059361,18.594458,-4.55613078897467,-1.57056031436278
1.3975552,11.723169,17.193993,14.138122,18.652777,-2.11392386017565,-0.410134294608806
1.4290336,11.684592,16.427883,14.019981,18.730536,-5.02139330360517,-1.14977863802112
1.4627696,11.433842,16.777440,14.108586,18.779136,-5.09372773190663,-0.17275703354959
1.492832,11.221669,16.648506,14.207037,19.206812,-8.10740065347049,0.538096903295745
1.5302992,11.279535,16.846865,14.364558,19.478969,-8.49661962993764,0.792758849699005
1.5613424,11.327756,16.846865,14.374403,19.265131,-7.66358997902866,0.34082136246704
1.591352,11.356688,17.025388,14.246417,18.944374,-5.43129864286509,0.336106089019342
1.6252848,11.404910,16.378845,14.010136,18.545858,-5.64596299023133,-0.8907794658985
1.662728,11.530285,16.898647,13.872305,18.332020,-2.00369261268904,-0.379072243629718
1.703832,11.752102,17.094799,13.783699,18.234821,0.195366816573568,-0.513722984930865
1.740296,11.838900,17.075183,13.744319,18.030703,1.27090366839508,-0.969767706274435
1.7777232,12.002852,17.006530,13.793544,17.787706,2.28721436613349,-1.92814901092505
1.8066208,11.983564,17.065376,13.675404,17.768266,2.90628945337419,-1.56746633237126
1.8375184,12.041429,17.222297,13.616333,17.816865,3.73861093832051,-1.23739812722652
1.8877312,12.031785,17.369411,13.636024,17.768266,4.34482407829434,-1.10299327128008
1.9191232,12.041429,17.379218,13.547418,17.748826,4.78903784126574,-0.946917434124906
1.9504064,11.964275,17.290950,13.498193,17.787706,4.21505529340833,-0.749943673685163
1.9913664,11.916054,17.389026,13.429277,17.982104,3.96635494062848,-0.0331581456550865
2.0204096,11.858189,17.271335,13.478503,18.166782,2.51493398051565,0.0906296531603772
2.0527808,11.809967,17.320373,13.439122,18.225101,2.45330899732316,0.450052562909931
2.0826896,11.781035,17.320373,13.409587,18.332020,2.08218482632675,0.744558557054791
2.1316576,11.665304,17.114414,13.468657,18.273701,0.878928392726511,0.457433059490629
2.1626576,11.655660,17.055568,13.370207,18.341740,0.725144193512589,0.710335487171541
2.192816,11.636371,17.134029,13.419432,18.487539,0.285460624583422,0.993451066614401
2.242664,11.578506,16.820186,13.557263,18.332020,-1.05814524224441,0.0829315931529209
2.2738704,11.549573,16.771149,13.547418,18.341740,-1.3543170660167,0.106475472519108
2.3037056,11.588150,16.888839,13.695094,18.526418,-1.87909198646815,0.171898699973003
2.365136,11.539929,16.918262,13.754164,18.672217,-2.63361528709624,0.4215125201771
2.3966304,11.482064,16.731918,13.803390,18.740256,-3.95115153011601,0.256028776895953
2.4263664,11.414554,16.722111,13.793544,18.798576,-4.40692990828727,0.501383140027379
2.4691584,11.395265,16.673073,13.773854,18.934654,-5.05236258657834,0.722450595524407
2.497712,11.240958,16.594612,13.685249,19.099893,-6.19992690996288,1.39287970110133
2.5289744,11.154160,16.437691,13.626178,19.226251,-7.36549484070079,1.66945936773577
2.5700896,11.019140,16.476921,13.626178,19.410930,-8.34093118455082,2.31527306628962
2.6102432,10.941986,16.594612,13.537573,19.712247,-8.87159135332998,3.32374725468207
2.6412064,10.749102,16.535767,13.429277,19.896925,-10.1024630938435,4.19106241658493
2.697728,10.643015,16.525959,13.458812,19.974684,-10.9028578883412,4.46615943423088
2.7427328,10.594794,16.545574,13.429277,19.994124,-10.9833298106945,4.70093913480522
2.7750192,10.575505,16.673073,13.409587,20.101043,-10.8363227533803,5.13812281518121
2.8075856,10.556217,16.692688,13.409587,19.994124,-10.4927223644536,5.05245444089471
2.8466288,10.536929,16.771149,13.350517,19.964964,-9.97684719098272,5.30397349014588
2.8937904,10.585150,16.888839,13.242221,19.935805,-8.88389817906378,5.57195298295322
2.9464944,10.527284,17.065376,13.183151,20.013564,-8.48180683160937,6.21293286264581
2.9977872,10.575505,16.967300,13.124080,19.702527,-7.47214299874265,5.63526516720577
3.0315024,10.507996,17.163452,12.966559,19.858045,-6.96493295879761,6.6707398988217
3.0691472,10.556217,17.251720,13.015785,20.120483,-7.45161228461706,6.95675652737712
3.1004032,10.488707,17.192874,12.966559,20.120483,-7.78109281613747,7.13994085600186
3.1316304,10.440486,17.075183,12.907489,20.023284,-7.91827562023516,7.07558038932798
3.1777648,10.363332,17.104606,12.897644,20.042723,-8.13597280319381,7.34834417139838
3.2100192,10.315111,17.251720,12.858264,20.217682,-8.19111180745047,8.0171507535241
3.2402288,10.199380,17.281143,12.828729,20.256561,-8.5580265982199,8.45329042035407
3.2766032,10.228313,17.222297,12.769658,20.276001,-8.54628030905679,8.46722060507406
3.332624,10.180092,17.330180,12.769658,20.353760,-8.56551713502272,8.84498880899998
3.3636864,10.228313,17.330180,12.740123,20.334321,-8.21871123515045,8.77365037801585
3.397656,10.170448,17.222297,12.749968,20.285721,-8.74035440804697,8.66254225116475
3.4340448,10.160803,17.202682,12.661363,20.276001,-8.53516019103846,8.85105376286629
3.4650288,10.189736,17.379218,12.700743,20.480119,-8.52279056865957,9.2324003618372
3.4978656,10.228313,17.300758,12.700743,20.606478,-9.08597434036104,9.20993927295577
3.5477184,10.189736,17.330180,12.720433,20.421800,-8.58884121182401,9.03423966481172
3.5774544,10.247602,17.320373,12.749968,20.353760,-8.27679507597821,8.71935346477491
3.6201904,10.237957,17.290950,12.779503,20.353760,-8.52473628877876,8.6310133448914
3.67012,10.344044,17.349796,12.740123,20.305161,-7.59791065642588,8.49021808173439
3.7016624,10.353688,17.330180,12.799193,20.285721,-7.76531513163019,8.27469871495266
3.7302784,10.295823,17.212489,12.789348,20.276001,-8.38483681344911,8.24974080457882
3.7802672,10.305467,17.251720,12.749968,20.198242,-7.81321550241654,8.26375729780618
3.814032,10.382621,17.202682,12.858264,20.246841,-8.2138028118201,7.83191086781106
3.8415392,10.344044,17.104606,12.897644,20.169082,-8.62233957488469,7.57635114819415
3.8827536,10.411554,17.035953,13.035475,20.042723,-8.66403512019458,6.81777782148988
3.912792,10.421198,17.006530,13.173306,20.071883,-9.28161725877585,6.47789244315641
3.9438176,10.411554,17.084991,13.252066,20.178802,-9.61017040618982,6.58960396326927
3.9750496,10.507996,16.928070,13.192996,19.683087,-8.05089493721686,5.54496666846348
4.0252384,10.604438,17.124221,13.133925,19.799726,-7.09938327395954,5.9216900350006
4.0553776,10.604438,17.183067,13.192996,19.887205,-7.34865254395908,6.00149400262094
4.0864608,10.623727,16.820186,13.330827,19.780286,-8.78480814420378,4.9496268363195
4.1277248,10.546573,16.574997,13.517883,19.731687,-10.4990219397055,4.25984353200797
4.1587632,10.556217,16.565189,13.586798,19.877485,-11.1890527505042,4.28604368300775
4.189008,10.546573,16.800571,13.596643,19.896925,-10.3949735064543,4.66612925664457
4.2326608,10.633371,16.653458,13.645869,19.790006,-10.4468276318922,3.97955914602874
4.2750384,10.565861,16.506344,13.793544,19.702527,-11.4850633287386,3.4453537415266
4.3227392,10.536929,17.203911,14.019981,19.624768,-9.34550799671888,3.93267327582321
4.3726208,10.614082,17.154321,14.147967,19.595608,-9.55353988455084,3.35971500074934
4.4038304,10.594794,17.154321,14.118431,19.644207,-9.68860507988386,3.54035073644107
4.4340304,10.643015,17.213829,14.118431,19.585888,-9.087654414306,3.43527776151919
4.475152,10.614082,16.369038,14.216882,19.605328,-12.8739655136095,2.03465127783999
4.5051056,10.662304,17.213829,14.147967,19.517849,-8.89076529014216,3.22576195468866
4.5362896,10.681592,17.104732,14.226727,19.527569,-9.51842697785175,2.8605190722059
4.5676208,10.585150,17.114650,14.305488,19.547008,-10.1641828443612,2.94352068629945
4.618744,10.585150,17.134486,14.256262,19.595608,-10.0854828429082,3.15456835780505
4.6490384,10.517640,17.184075,14.364558,19.605328,-10.5276917705875,3.15308288404913
4.6826304,10.614082,16.985716,14.344868,19.702527,-11.1665316593146,2.83279663329587
4.7302192,10.488707,16.559245,14.541769,19.809446,-14.275173468332,2.19429879171817
4.7615808,10.421198,16.668342,14.650065,20.033004,-15.1368117531623,2.60567067207562
4.7914,10.334400,16.608835,14.620530,19.916365,-15.2638852375587,2.5968679158539
4.8327488,10.247602,16.688178,14.453163,19.935805,-14.8357203122977,3.30734116075153
4.8636976,10.122226,16.698096,14.443318,20.246841,-16.2227576507225,4.0858619110977
4.9189168,9.794323,16.450148,14.590994,20.820316,-20.7118161981665,4.9669202207261
4.9651712,9.215668,15.855071,14.817431,21.792306,-29.025259554173,6.30498751877446
4.9966496,8.521284,14.873195,15.230923,23.065614,-40.8207519876596,7.35829647931543
5.0251536,8.039072,14.347544,15.309684,23.396091,-46.355137501627,8.00382630977498
5.0663856,7.576149,13.692960,15.486895,23.998725,-53.4377886647601,8.59174587208384
5.096144,7.383264,13.435093,15.752711,24.377801,-57.1229152024192,8.59461138951118
5.129936,7.286822,13.712795,16.048063,24.358361,-56.9459004372172,8.50041815678262
5.15908,7.498995,13.593780,16.195739,23.852926,-55.6453297912369,6.7835593589653
5.198664,7.576149,13.673124,16.515212,23.075334,-53.7909694914914,4.8591288671399
5.2399744,8.222312,14.347544,17.013004,21.257712,-44.39429832869,0.573274639017026
5.2688704,10.652659,15.636876,17.296062,16.874035,-16.7426072496533,-10.2551328477467
5.3198992,12.350045,16.827029,18.652789,13.809248,-0.0611319189287745,-19.5353300582272
5.3499824,14.799680,17.889212,19.355554,11.189389,18.8173622950513,-28.0097109874774
5.3813776,15.426555,18.369784,18.818719,10.641956,26.3159130266812,-28.2891234636779
5.43156,16.339211,20.301876,17.061807,9.625294,45.5065859183648,-25.1108286860337
5.461616,18.337138,23.067613,10.938477,7.474663,94.6908674125078,-16.4434110730172
5.492624,19.902821,26.294305,6.449130,6.956557,130.587841394559,-5.66211205866941
5.5412592,21.756667,28.824660,5.316948,7.347581,141.271766322726,-2.45721417159303
5.5866576,23.168663,27.392754,5.720595,6.809923,141.979951395978,-9.25664693067435
5.6162656,23.283928,25.529314,5.878116,6.360246,141.178030694106,-13.7643781609957
5.6563392,23.735383,23.950295,6.025792,5.900793,141.346891229292,-18.6854493005797
5.686512,24.302102,22.793001,6.271919,5.656403,140.469900548741,-22.9609582390153
5.717648,24.475000,21.959357,6.468820,5.519545,139.125143862814,-25.6184747580732
5.7504128,24.647898,20.576488,6.626341,5.187174,138.295274890333,-29.8712219965634
5.7891968,25.060931,20.292069,6.911847,5.157848,136.964493743729,-31.8070869916041
5.8191472,25.733310,20.007649,7.138284,5.167623,136.181119346702,-33.9724336306944
5.8492288,26.348057,20.409759,7.325340,5.284930,136.004142079136,-34.1782951225051
5.890408,26.722668,20.282261,7.561621,5.294706,134.982036872845,-35.4396515114492
5.9201984,27.001225,19.507462,7.738833,5.099194,134.309286173975,-38.3227974324053
5.9516192,27.356625,18.585550,7.837283,4.766824,134.758720070519,-41.9149628788399
5.982728,27.721631,17.604793,7.886508,4.493107,135.085874826414,-45.5472757090009
6.0227792,27.654393,18.526705,7.827438,4.757048,135.251162444253,-42.5205799907644
6.062728,28.067426,18.987661,7.994804,4.825478,135.264628090609,-42.1791129585379
6.0927072,28.105848,18.860162,7.994804,4.923233,134.571227055556,-42.3054957053661
6.1438512,27.846502,19.017084,8.014494,4.991663,133.911596878817,-41.4256638965317
6.1950512,27.366231,19.379964,7.896353,5.177399,133.344012604742,-39.2585367224578
6.2302112,27.145306,19.625153,7.788058,5.304482,133.276179809032,-37.9079788874655
6.2654528,26.213581,20.733410,7.512396,5.607525,133.400280718951,-32.8733443591503
6.3074032,26.261608,20.890331,7.561621,5.724832,132.788498313339,-32.4533809175195
6.3376304,26.146343,20.811870,7.581312,5.734608,132.317412404155,-32.4395744893475
6.387568,26.213581,20.841293,7.571467,5.803037,132.143386464115,-32.3283555621333
6.429056,26.492138,20.488220,7.709297,5.578198,132.511659473859,-34.2452316310521
6.4703648,26.828327,20.360722,7.738833,5.490218,133.167920191683,-35.3036107725441
6.510216,27.808080,19.850728,7.975114,5.167623,134.380515636717,-39.0409624684029
6.5415104,27.932951,19.899765,8.024339,5.089419,134.808972273617,-39.3731679895885
6.5827568,27.712026,20.115532,7.728987,5.167623,136.016283603229,-37.9271622453025
6.6213728,27.596761,19.762459,7.679762,4.962336,136.745104960932,-38.905236791886
6.6526976,26.876355,20.419567,7.404100,5.324033,136.15902355205,-35.0709190032491
6.6826016,26.079105,20.674564,7.138284,5.284930,137.075672234367,-32.8392044994402
6.7338336,26.242397,21.008022,7.266270,5.412013,136.373113105837,-32.3418184939314
6.7653712,26.203975,21.233596,7.207199,5.519545,136.38307627595,-31.4731097214208
6.796528,26.261608,21.557246,7.079214,5.441340,138.128500251946,-30.8398594526986
6.8465072,26.588192,21.174750,7.049678,5.412013,138.380474171145,-32.2045268667877
6.8775376,26.847538,20.753025,7.246580,5.275155,137.795540327498,-34.1515034174599
6.9088496,27.231755,20.243031,7.413946,5.011214,138.158895390951,-36.7309666426706
6.9488672,27.721631,19.870343,7.601002,4.933009,137.712662261038,-38.8021497845773
6.9802704,27.750448,19.595731,7.581312,4.942785,137.398841784018,-39.4089923030287
7.0102976,27.529523,19.527078,7.532086,4.893907,137.522631401602,-39.250440146367
7.0441776,27.750448,19.497655,7.660072,4.913458,136.967380871423,-39.8185808838602
7.0916032,27.990583,19.644768,7.788058,4.942785,136.659989618405,-39.9914748861638
7.1216432,28.048216,19.399579,7.719142,4.747273,137.882123989015,-40.967970550539
7.1527792,28.115453,19.801690,7.551776,4.688619,139.873381522197,-40.0379316040524
7.2028608,28.326773,19.948803,7.482861,4.737497,140.509623356951,-39.8184720598521
7.23272,28.557303,20.105725,7.492706,4.659292,141.455274838561,-40.0115259844557
7.2638208,28.797438,19.782075,7.522241,4.590863,141.558254480656,-41.2971671350022
7.3036512,29.008757,19.782075,7.453326,4.434454,143.14621658288,-41.8637423798291
7.3449744,28.759016,19.556500,7.187509,4.258493,145.045297990164,-41.9992874329683
7.3749968,28.951125,19.429002,7.079214,4.121635,146.575633093278,-42.7355871817809
7.4101472,28.941519,19.379964,6.980763,4.082532,147.309656399529,-42.7762443323537
7.4578688,28.893492,19.281888,6.685411,3.994552,149.404194386027,-42.6866803208884
7.4950608,29.392974,19.782075,6.902002,4.150962,148.513329352642,-42.2561609507932
7.5299408,29.402580,20.076302,6.980763,4.238942,147.939916990572,-41.522885229813
7.56632,29.325736,20.321491,6.823242,4.199839,149.305901093513,-40.7058375429686
7.597688,29.181655,20.566681,6.695256,4.238942,149.955976902011,-39.6562439277802
7.6290288,28.893492,20.684372,6.616496,4.424678,149.110128347367,-38.4173709826598
7.6801984,28.576514,20.635334,6.646031,4.414903,148.515098843431,-38.0973085068111
7.7103408,28.518881,20.566681,6.705101,4.385576,148.173595795508,-38.3165158512723
7.7402048,28.730200,20.439182,6.734636,4.326922,148.455405870488,-39.1070443424928
7.7877792,29.066390,20.174378,6.803552,4.190064,148.948363510612,-40.6327815934007
7.8216048,28.941519,20.390144,6.813397,4.248717,148.665831774793,-39.8401885829254
7.8515216,28.730200,20.478413,6.774017,4.366025,148.047405648912,-38.9939643750087
7.89164,28.413221,20.527450,6.724791,4.483332,147.291711905095,-38.0515328284081
7.921712,27.971372,20.478413,6.862622,4.581088,145.244610895684,-37.4619581950623
7.9516864,27.654393,20.694179,6.862622,4.669068,144.590135082741,-36.2843318778296
7.982848,27.923345,20.586296,6.902002,4.561536,145.211372180313,-37.252896126371
8.033088,28.307562,20.782447,6.892157,4.502883,146.402163439456,-37.5436705014813
8.0638656,29.047179,20.615719,6.892157,4.375800,147.902114509834,-39.3404682957486
8.1215024,28.912703,20.370529,6.734636,4.131410,149.754885454947,-39.9810990756868
8.1654016,28.240324,20.939369,6.340834,4.062981,152.371221578786,-37.1843470462247
8.19652,27.414258,21.861281,5.907651,4.356249,153.332790683008,-32.4601302155816
8.2264176,26.943592,22.233969,5.828891,4.463781,153.036445361325,-30.5022064923129
8.2777648,26.665035,22.488966,5.710750,4.502883,153.483403145471,-29.1958357110837
8.3111808,26.597797,23.244149,5.641835,4.747273,153.289794514848,-26.8980301977756
8.338752,26.155948,23.852219,5.572919,4.864580,153.208319012617,-24.5381297698643
8.3901056,26.059894,23.999333,5.405553,4.933009,153.858341764537,-23.638596769144
8.420288,26.328846,23.087228,5.671370,4.845029,151.998052904509,-26.5952251745088
8.45164,26.453716,22.802808,5.848581,4.864580,150.624514550459,-27.6681732490068
8.4925968,26.472927,22.322237,6.153778,4.972111,147.579287729295,-29.0022200992208
8.5216496,26.252002,21.851473,6.419594,5.167623,143.922509645476,-29.652796460956
8.552712,26.338451,21.282634,6.685411,5.040541,142.423569706661,-31.7287770170126
8.5854032,26.972409,20.792255,7.000453,5.001438,141.024950828596,-34.4585147873874
8.6240896,27.414258,20.507835,7.157974,4.923233,140.795656519525,-36.2246491955126
8.6550544,27.625577,20.988406,7.236734,5.069867,140.506333467229,-35.3322903244866
8.6849648,27.923345,20.762832,7.197354,4.786375,142.449253226219,-36.8424242781951
8.7273904,28.499670,20.193993,7.236734,4.581088,143.412515054918,-39.507870230302
8.7777712,28.749411,19.527078,7.305650,4.326922,143.901082356884,-42.0745998625667
8.8078048,28.989547,19.615346,7.423791,4.356249,143.506212834856,-42.3460129192466
8.8577824,29.633110,19.036699,7.463171,3.994552,145.465719955386,-45.5242697129377
8.8892256,29.729164,18.820932,7.315495,3.877245,146.854940345578,-46.2330436767769
8.9191872,29.719558,18.938623,7.305650,3.906572,146.88689133703,-45.8577395701266
8.9601424,29.806007,18.997468,7.256425,3.847918,147.717259750452,-45.9113447751973
8.9904,29.940483,19.134775,7.138284,3.759938,149.293295364503,-45.8190154039638
9.0215488,29.844429,19.429002,6.941383,3.720835,150.948619263981,-44.79356250571
9.0538592,29.623504,19.733037,6.468820,3.554650,154.885601568805,-43.4402226251064
9.0926144,30.641678,18.713049,6.547580,3.232056,156.367404220931,-48.2452747539471
9.1238352,30.920236,19.262273,6.616496,3.320036,156.410258829315,-47.21453584993
9.1528208,31.064317,19.595731,6.616496,3.398241,156.507664237418,-46.4520519738013
9.1866768,31.160371,19.399579,6.498355,3.329812,157.506153183353,-47.040823725177
9.2238768,30.468781,19.330926,6.626341,3.554650,154.48044505563,-45.8642185834877
9.2554432,30.391938,19.330926,7.039833,3.847918,150.19521291366,-45.6651349388652
9.2938608,30.036537,18.693434,7.285960,3.877245,147.272092807287,-46.9358405518742
9.3375984,29.287314,18.183440,7.463171,4.111859,143.093827948584,-46.7660977814877
9.3788144,27.923345,18.359976,7.443481,4.414903,139.663707590503,-43.5467634297815
9.410104,27.308598,18.987661,7.118594,4.571312,140.684892087973,-40.2241632691778
9.4492144,26.933987,20.321491,6.862622,4.815702,142.17361431994,-35.6079414000184
9.4803344,26.991620,20.576488,6.744481,4.864580,143.033277612811,-34.8371000649942
9.5127856,27.347020,21.086482,6.793707,4.923233,143.631142226133,-34.2676760920221
9.5515392,27.635183,21.400325,6.734636,4.893907,144.976199300957,-34.0330541157076
9.5816608,27.673604,20.635334,6.616496,4.454005,147.249859946909,-36.5215354975357
9.6128208,27.980978,21.027637,6.586960,4.571312,147.674730381094,-35.8512065394452
9.643048,28.355589,21.155135,6.646031,4.463781,148.621813075859,-36.5020463271328
9.6837568,28.586119,21.459170,6.685411,4.512659,148.804826927778,-36.1681033392005
9.7136768,28.855071,21.439555,6.626341,4.385576,150.20119749036,-36.8133245340692
9.7462208,28.787833,21.400325,6.626341,4.366025,150.179367246715,-36.8345529012886
9.7865296,28.595724,21.449363,6.547580,4.356249,150.512723460904,-36.3227911943551
9.8164928,28.317167,21.547438,6.724791,4.825478,146.542785092696,-34.9491128793943
9.8464336,27.971372,21.733782,7.856973,5.499993,136.264696228161,-34.3941527603757
9.8804,26.914776,21.194366,8.496902,6.047427,127.460617947429,-33.7227641152452
9.919152,25.243433,21.233596,9.058071,6.721943,118.226340238511,-30.4776067510952
9.949168,23.014976,20.919753,8.920240,7.230274,111.589390563991,-26.0390506172747
9.9801776,20.863363,21.008022,9.018690,8.266487,101.457018328373,-20.02818797534
10.0230768,19.249653,21.302249,9.638929,10.544200,84.0847453159494,-13.3054607343188
10.0717024,16.487421,21.410132,10.328083,15.177831,53.7898889579272,-1.28642552731525
10.1028368,13.314468,19.860535,10.003196,17.671067,31.048388071759,7.77216066054718
10.1491872,12.427198,19.595731,9.835830,18.545858,24.5277076022906,11.1097821924777
10.1838944,9.341044,19.693806,9.451873,21.840906,3.37379427690965,24.1173547621697
10.2153136,8.309110,19.556500,9.481408,23.143373,-5.55654794740978,28.0866961666106
10.2466528,8.058360,19.252465,9.678309,23.473850,-9.43917314363347,28.2593595645822
10.2849792,7.431485,17.997096,10.072112,24.659678,-22.0026864063968,28.8062441258733
10.3164864,7.142158,17.536140,10.328083,25.446990,-28.2636722580252,29.2535582435806
10.3475872,6.843187,16.918262,10.475759,26.380101,-35.2909233107622,30.0008212099583
10.3964608,6.515283,16.525959,10.849872,26.730018,-40.4458638694173,29.831135544642
10.427744,6.418841,17.074978,11.204294,26.778617,-39.5487171898988,29.7833284391359
10.4601536,6.399552,17.074978,11.243674,26.798057,-39.7908218007957,29.7508627399174
10.4991456,6.380264,17.025388,11.332279,26.487020,-39.4917690134953,29.1815926409036
10.530384,6.428485,16.588999,11.765462,26.370381,-42.0463442432453,27.309503244562
10.56392,6.524927,16.291460,12.080504,26.214863,-43.3603171785314,25.7281642104136
10.59264,6.592437,16.103020,12.277405,26.010745,-43.8792511974045,24.5937446179187
10.63544,6.727456,16.172445,12.474306,25.689988,-42.6422223074409,23.4475346262645
10.6826416,6.901052,16.390640,12.720433,25.709428,-41.6230768906951,22.6606538482644
10.7176128,6.978206,16.251789,12.838574,25.680268,-42.1279138560563,21.9715786355448
10.7551728,7.084293,15.894743,13.035475,25.466430,-43.1855818923316,20.5291244052328
10.7852016,7.122870,15.825317,13.065010,25.476150,-43.4249395342171,20.2867681136594
10.8153312,6.987850,15.775727,13.074855,25.816347,-45.1550457378171,20.9505175830053
10.8576352,6.987850,15.617040,13.192996,25.952426,-46.5151047627415,20.6290885481625
10.8863184,6.891408,15.448435,13.065010,25.942706,-47.3452263599181,20.9739933144208
10.9175472,6.814254,15.428599,13.035475,26.039905,-47.9547110003626,21.3352242615637
10.9490352,6.766033,15.349256,13.133925,26.156544,-49.078105491161,21.2539234524
10.9903744,6.901052,15.369092,13.045320,26.224583,-48.3288276037644,21.24320038291
11.020488,6.910697,15.349256,13.143770,26.244023,-48.6741567402769,20.9725214158121
11.0517696,6.891408,15.458353,13.094545,26.137104,-47.8742608753786,21.1462920492407
11.0938576,6.833543,15.507943,12.976404,26.224583,-47.8330605152634,21.7515355556551
11.1227008,6.872120,15.617040,12.848419,26.234303,-46.869629466756,22.1176691226879
11.15288,6.814254,15.696384,12.789348,26.156544,-46.4214546995259,22.4144288214557
11.1837744,6.862475,15.795563,12.740123,26.020465,-45.2844055886381,22.3732735322296
11.223792,7.016783,15.974086,12.730278,25.981585,-43.6842661824584,22.1745256720734
11.2553104,6.997495,15.974086,12.690898,26.078784,-43.9202242042112,22.4367158112194
11.3036832,6.987850,15.805481,12.661363,26.195423,-44.9339791938734,22.4741218350899
11.3463488,6.968562,15.706302,12.749968,26.224583,-45.7642241117295,22.2169360641785
11.3789552,6.862475,15.577369,12.887799,26.244023,-47.2158876170674,22.0073006200417
11.4190656,6.794966,15.597204,12.868109,26.166263,-47.1791162630458,22.1581787537666
11.4591232,6.804610,15.745974,12.818884,26.107944,-46.1939791149698,22.3653622015928
11.5017744,6.833543,15.755892,12.769658,26.107944,-45.8934907936122,22.4283500033829
11.5304256,6.823898,15.785645,12.710588,26.234303,-45.9779713661762,22.7861147657799
11.5815392,6.814254,15.765810,12.582602,26.418981,-46.2555357747532,23.3276499612313
11.6101472,6.833543,15.765810,12.572757,26.409261,-46.1191989995583,23.292364068038
11.6415408,6.737100,15.765810,12.582602,26.467580,-46.7246287413,23.5801223083298
11.681328,6.727456,15.775727,12.582602,26.467580,-46.7234072299164,23.6161637595617
11.7141328,6.698523,15.755892,12.562912,26.496740,-46.9655596481231,23.7506872391013
11.74388,6.669591,15.815399,12.553067,26.584219,-47.028269086857,24.0195280136554
11.7777536,6.708168,15.805481,12.592447,26.360662,-46.4266353699204,23.5504094692265
11.815288,6.843187,15.924497,12.582602,26.244023,-44.9692297288337,23.2353139772506
11.845376,6.881764,15.974086,12.582602,26.244023,-44.5790906090925,23.1955017525438
11.8777584,6.901052,16.013758,12.425081,26.263462,-43.9586007036023,23.6147076259455
11.9228896,6.833543,16.023676,12.316785,26.331502,-44.107812746547,24.1526227980914
11.9678368,6.794966,16.222035,12.178955,26.331502,-43.0407557067446,24.8316575203098
11.9977632,6.679235,16.331132,12.149419,26.428701,-43.2479069354775,25.4391046961986
12.0377936,6.515283,16.450148,12.060814,26.593939,-43.6468871064703,26.4094433945906
12.06904,6.332042,16.588999,12.011589,26.759178,-44.1458014485875,27.3483869151973
12.1002832,6.197023,16.529491,11.844223,26.836937,-44.7730764645709,28.1574262713043
12.1328432,6.129514,16.807193,11.755617,26.904976,-43.7888481747549,28.9414935750985
12.1816272,6.042715,16.906373,11.755617,26.846657,-43.5814131658236,29.2136047675336
12.213008,6.071648,17.203911,11.588251,26.739738,-41.4234702909814,29.7818085333771
12.2451936,6.119869,16.496536,11.529181,26.749458,-44.2069895052742,29.0619670717257
12.2838768,6.197023,16.574997,11.420885,26.671698,-43.0194950231443,29.1455756954612
12.314976,6.197023,16.584805,11.411040,26.457861,-42.3781958384844,28.9498572453431
12.3450464,6.293466,16.712303,11.342125,26.350942,-40.9095990847221,28.8989198796056
12.3864736,6.380264,16.741726,11.263364,26.078784,-39.4402890765971,28.6114805462143
12.4167008,6.563504,16.810379,11.155068,25.942706,-37.6572250570368,28.3371842170415
12.4476592,6.659946,16.908455,11.204294,25.855226,-36.6993654575542,27.9615664869198
12.4791024,6.659946,16.879032,11.164913,25.826067,-36.637422543501,28.0011743095069
12.5290288,6.862475,16.624035,11.401195,25.592789,-36.8753437145382,26.2920303910232
12.5615248,6.968562,16.565189,11.420885,25.563629,-36.6422866941039,25.8611440242637
12.600408,7.007139,16.545574,11.411040,25.641389,-36.7481818689946,25.8523663147069
12.6401184,7.045716,16.496536,11.470110,25.563629,-36.7419814917721,25.4514916243768
12.6715392,7.171091,16.378845,11.519336,25.495590,-36.6561201723726,24.7813912904291
12.7026528,7.383264,17.243583,11.667011,25.223433,-31.6828080571263,24.5370452449634
12.7427056,7.605081,17.213829,11.834378,24.970715,-30.6334438709966,23.2193873872913
12.7728512,7.826899,17.213829,11.863913,24.669398,-28.9320739771934,22.2303018521579
12.8038336,7.817255,17.025388,12.031279,24.543039,-29.8782436027418,21.4583086256055
12.8351616,7.913697,16.876619,12.169110,24.445840,-30.2138692784231,20.5744101041897
12.8838544,7.971562,16.797276,12.356166,24.436120,-30.807514489136,19.8560987353484
12.9177888,8.010139,16.975799,12.700743,23.843206,-29.191287538134,18.3980941199153
12.9453856,8.096937,16.339615,12.661363,23.639088,-30.8125344653617,17.2182412097482
12.9904416,8.116226,16.398461,12.700743,23.609928,-30.5093761639992,17.1115176149495
13.0404608,8.125870,16.486729,12.651517,23.668248,-30.1200597646312,17.3966587047161
13.0754288,8.000495,17.223747,12.484151,23.959845,-27.9125236407062,19.4067081877431
13.1114992,7.865476,16.836947,12.356166,24.358361,-30.8667855292871,20.0731948175035
13.1415872,7.691879,16.658424,12.415236,24.659678,-33.3723943581225,20.5084001973629
13.1728096,7.518283,16.509655,12.464461,25.019315,-35.8829953063436,21.0743437772571
13.2204848,7.537572,16.430312,12.493997,25.097074,-36.4352125171782,20.9503511618313
13.2553504,7.412197,16.291460,12.602292,25.213713,-38.187267874874,20.9662640869536
13.2849552,7.402552,16.222035,12.818884,25.077634,-38.7476926618805,20.2010484340908
13.3190304,7.421841,16.162527,12.917334,25.048474,-39.1091671168123,19.8003049978372
13.356528,7.479706,16.202199,12.996095,24.960995,-38.6630636634608,19.4034959549031
13.3874576,7.392908,16.132773,13.104390,24.834636,-39.291888034003,19.1089892351705
13.4176496,7.412197,15.964168,13.202841,24.844356,-40.2334629288525,18.621017036505
13.4703328,7.363976,15.874907,13.271756,24.669398,-40.5505518108014,18.2393034969881
13.5004448,7.354331,15.855071,13.301291,24.708278,-40.8636667956483,18.2141327002998
13.5328128,7.335043,15.974086,13.350517,24.970715,-41.2587927026975,18.6168883093763
13.5717744,7.354331,16.202199,13.350517,25.184553,-40.7500248978187,19.1145221016561
13.6028768,7.354331,16.192281,13.222531,25.524750,-41.3524234477486,19.8298522943653
13.6339936,7.238600,16.043512,13.124080,25.796907,-42.9547276929913,20.5049870440627
13.6651072,6.949273,16.023676,12.759813,25.806627,-43.3821142624533,22.1215408984556
13.7052368,6.737100,16.212117,12.346321,25.738588,-42.2123535477063,23.854290412798
13.7376688,6.621369,16.380722,12.060814,25.670548,-41.0293623245663,25.0076542880103
13.7666144,6.611725,16.479901,12.001744,25.758027,-40.71011466988,25.4010540015084
13.8101616,6.794966,16.380722,12.149419,25.670548,-40.5019851397516,24.3290404988017
13.8452656,6.968562,16.519573,12.267560,25.845507,-39.9230262698053,23.9453609596416
13.8790272,7.190379,16.588999,12.572757,26.127384,-40.2255573481905,23.0230508436546
13.92912,7.306110,16.469983,12.690898,26.205143,-40.7547357778233,22.3938817814878
13.9589952,7.055360,16.489819,12.385701,25.913546,-40.1729466167409,23.4698265857078
13.9903328,6.872120,16.529491,12.208490,25.699708,-39.7494163128414,24.1852979981384
14.0254592,6.794966,16.499737,12.139574,25.495590,-39.4785601357143,24.2894209898526
14.0614976,6.717812,16.559245,12.090349,25.427551,-39.2368798664159,24.6061510158866
14.0935856,6.679235,16.549327,12.159264,25.359511,-39.4525888031184,24.4369907626019
14.121624,6.814254,16.469983,12.277405,25.223433,-39.1587777211159,23.5313045327627
14.1641264,7.036072,16.479901,12.375856,25.203993,-38.3600372583242,22.7003448120757
14.1938832,7.161447,16.559245,12.661363,25.330352,-38.5888184956432,21.9061073920815
14.223968,7.228956,16.698096,12.740123,25.621949,-38.6952813127767,22.048784834011
14.25396,7.200024,16.608835,12.809038,25.719148,-39.6441321681794,21.9587359180696
14.296224,7.093937,16.509655,12.710588,25.777467,-40.4219606084975,22.4205590874145
14.3276576,6.949273,16.469983,12.582602,25.699708,-40.6749447566485,22.9683020812631
14.3576832,6.804610,16.420394,12.425081,25.524750,-40.6347998297824,23.4731095067378
14.3976656,6.746745,16.440230,12.267560,25.456710,-40.1937597972284,23.9691877346188
14.4292752,6.766033,16.400558,12.257715,25.330352,-39.914206232544,23.7503084203329
14.4590976,6.814254,16.450148,12.425081,25.233153,-39.6742711826874,23.1403289885415
14.500472,7.065004,16.519573,12.621982,25.398391,-39.2552131896272,22.2810434809587
14.5504736,7.277177,16.539409,12.828729,25.719148,-39.663182803594,21.6368563524018
14.5815536,7.296466,16.469983,12.877954,25.758027,-40.1116866061966,21.4312507640255
14.6255744,7.142158,16.489819,12.681053,25.583069,-39.7033652652189,22.1219771750268
14.6563712,6.929985,16.460066,12.316785,25.408111,-39.3043543014388,23.3391615738482
14.6853664,6.881764,16.569163,12.159264,25.388671,-38.5568521201103,23.971532941568
14.7152128,6.823898,16.519573,12.031279,25.515030,-39.0227689383443,24.5399465158767
14.7657856,6.949273,16.678260,12.178955,25.515030,-38.1857014638669,24.0217962208956
14.7962256,7.016783,16.688178,12.208490,25.476150,-37.8246088945391,23.7402486922289
14.8266416,7.113225,16.708014,12.277405,25.515030,-37.6155033347383,23.3880182730075
14.877704,7.248245,16.827029,12.346321,25.660828,-37.1077121437318,23.1808380486064
14.9178032,7.200024,16.757604,12.356166,25.748308,-37.8735350690392,23.2982576221419
14.9517168,7.122870,16.827029,12.287250,25.592789,-37.3000352107696,23.5671283287992
15.0102832,6.939629,17.045224,11.893448,25.534470,-35.9142677010526,25.223246474807
