0.033712,11.871107,16.059560,14.456799,18.497259,-6.16489500136099,-2.96687533718555
0.0850176,12.131507,16.426536,14.387880,18.545858,-3.70814948935166,-2.70353397609013
0.1162192,12.218307,16.535638,14.427262,18.497259,-2.94152423338464,-2.872362287033
0.1463264,12.256885,16.724085,14.525717,18.604178,-2.76413772990296,-2.68967378926356
0.187488,12.247240,16.813349,14.348499,18.691657,-2.17606324969405,-2.01963670880342
0.2187504,12.054351,16.902614,14.013754,18.798576,-1.81518542997993,-0.596016017558487
0.2489008,11.986840,16.952205,13.846381,18.711097,-1.04099837687434,-0.151974284676388
0.278928,11.755374,17.071225,13.472254,18.915215,-0.896196578495614,1.66170047630549
0.3214176,11.620351,16.388653,13.235964,19.002694,-3.50148136890655,1.55966009589077
0.355344,11.562485,16.594612,13.048901,19.158212,-2.82785508254411,2.66639500948703
0.4026736,11.610707,16.643650,13.068591,19.070733,-2.22909923430765,2.45537102302545
0.4439888,11.765018,16.722111,13.088282,18.992974,-1.14932874831052,2.06910776418517
0.47396,11.919329,16.741726,13.117819,18.915215,-0.330299618030358,1.5722409219227
0.5053072,11.890396,16.820186,13.029210,18.856895,0.352264163065959,1.86332554077046
0.5563056,11.880751,16.957492,13.068591,18.837455,0.763758777033406,1.97954234491674
0.5862352,11.880751,16.908455,12.989828,18.788856,1.01188738898752,2.00329866036483
0.6175392,11.919329,16.918262,13.039055,18.730536,1.2241358177129,1.73367993487928
0.6602912,11.967551,16.996723,13.029210,18.506979,2.49422341119885,1.42343324439519
0.6890688,11.986840,17.006530,12.989828,18.332020,3.33976631825202,1.21006865770712
0.7201376,12.112218,17.084991,13.078437,18.312580,3.85864095106941,0.830244274158591
0.7499632,12.170085,17.290950,13.019364,18.069583,5.87708398804547,0.774910988840158
0.789896,12.160440,17.673446,12.891373,17.933504,8.1607846572413,1.46234356578893
0.8200192,12.305107,17.859790,12.763383,17.836305,10.1486477868703,1.56375619169639
0.8614752,12.430485,18.232477,12.546783,17.476669,13.9792458152891,1.78531734928151
0.9138992,12.623374,18.526705,12.468020,17.010113,17.6682050419372,1.26604857377604
0.9428288,12.845196,18.144209,12.517247,16.689356,18.1097766464938,-0.438078573779613
0.9737248,12.903063,17.712676,12.625547,16.737956,16.2178280305973,-1.41690700427045
1.017552,12.507640,17.487102,12.763383,17.321150,11.3742110118931,-0.277792866120159
1.0548528,12.835552,16.952205,13.688854,17.894625,5.36299122239071,-2.91531650228541
1.0850864,13.221329,15.633074,14.446953,18.020983,-1.05988726308931,-7.24688894906704
1.130248,13.221329,14.968549,14.988452,18.438939,-6.7048804593356,-8.75818095594973
1.1575008,12.575151,14.462716,15.342888,18.837455,-13.5617952494225,-8.35205926185575
1.1875616,11.572129,14.918957,15.470879,19.848325,-19.2240537535561,-4.12832700314668
1.2214336,11.331018,14.462716,15.982842,20.664797,-25.9354477850835,-4.10913071881479
1.2590384,10.819862,13.976721,16.199441,21.160513,-32.0622173603191,-3.48569338474617
1.2901504,10.221907,13.659335,16.416041,21.510429,-37.4998329888319,-2.6382782784411
1.320136,9.701107,13.371705,16.563723,21.870066,-42.3720502287226,-1.73621864316436
1.3715328,9.643240,13.193176,16.437127,21.908945,-43.1846012387948,-1.56457937959212
1.401272,9.479284,13.669254,16.485931,21.918665,-41.9621441633212,-0.552807370039822
1.4339472,9.411773,14.115576,16.347123,21.733987,-39.445993683419,0.297105060593442
1.4640576,9.614307,14.651164,15.982842,21.277151,-34.0282340723893,0.767912526553125
1.5040464,9.884351,14.780101,15.746551,20.655077,-29.914496677015,-0.0716981664489644
1.5349408,9.971151,14.700755,15.726860,20.285721,-28.7615909629357,-0.925594585489417
1.56512,10.231551,14.651164,15.864696,20.334321,-28.4120757763277,-1.78417414743468
1.6163184,10.501596,14.413125,16.091142,20.305161,-28.8457046399039,-3.26619941681794
1.6788752,10.491951,14.026312,16.524341,20.655077,-32.7307965919995,-4.21166861165475
1.7174944,9.778262,13.827946,16.446888,21.179952,-37.874581774428,-2.02342563653712
1.7488816,9.517862,13.639499,16.622579,21.539589,-41.2794819312103,-1.57074264894496
1.7803392,9.315329,13.361787,16.661622,21.870066,-44.3809963058079,-1.13757332021655
1.8128032,9.074218,13.351869,16.632340,22.200542,-46.2867310641531,-0.0519565361712857
1.8514432,8.717373,13.470888,16.495691,22.589338,-48.0044221101917,1.80671263474473
1.8914416,8.466618,13.460970,16.368803,22.929535,-49.7266502253322,3.14044516763043
1.9227904,8.186929,13.530398,16.553877,23.201692,-51.8307009421644,3.86292970151353
1.9724752,8.196573,13.659335,16.435732,23.162813,-50.8083620163987,4.23793648156067
2.0051712,8.167640,14.244514,16.199441,22.929535,-47.1115416672336,5.34926230726142
2.0336208,8.331595,15.176833,15.776088,22.521299,-40.1065619165199,6.69278465926672
2.0825376,8.746307,16.218252,15.037679,22.113063,-30.7765979078515,8.32404706265061
2.1151008,9.151373,17.212489,13.176891,21.908945,-19.0315379523077,12.7796672036961
2.1462368,9.469640,17.761714,12.970137,20.761996,-11.3884788316079,11.7018840239958
2.18144,9.633596,17.918635,12.871683,19.945524,-7.18375174288781,10.6286756264587
2.216272,10.019373,18.487474,12.468020,18.808296,1.6683722681564,9.86335010882063
2.2477136,10.385862,18.869970,12.005284,18.672217,6.56221912423701,10.4443815715398
2.282832,11.118840,18.359976,11.178267,18.438939,11.1907836563752,9.60029678051997
2.3278064,12.208663,16.457306,11.611466,17.787706,8.96397892363712,2.09268304914069
2.3590336,12.237596,13.956884,13.127664,20.693957,-15.8161057552478,-0.736745998601219
2.3977264,12.285818,13.183258,14.378035,24.708278,-33.9704726997534,1.45263261544734
2.4503344,8.572707,10.108590,17.940263,27.216013,-78.089987425982,0.932605126320659
2.4790368,6.238751,9.176272,18.174518,28.022765,-96.4682677786123,5.2826298067294
2.5101904,4.830662,8.263789,18.682071,28.100524,-110.109885319206,6.09352894311835
2.5514048,4.078395,7.678611,19.023692,28.061645,-118.286572161122,6.11032211292914
2.5814496,3.817995,7.847222,19.287229,29.228033,-120.87070659265,8.08883999559366
2.611464,3.731195,7.807548,19.667893,30.102825,-123.309483276759,8.60794710804432
2.6427504,3.654039,7.638938,19.960712,30.637420,-125.794765166321,8.63125007709109
2.6814432,3.750484,7.450490,20.194967,30.831818,-126.862377677884,7.89021619983009
2.7128576,3.789062,7.480245,19.853345,31.074815,-126.348708096314,8.95836900865749
2.7440208,3.779417,7.480245,19.277469,30.530501,-124.965593302675,9.54099072904254
2.7838832,3.962662,7.500082,19.072496,29.957026,-122.752592999016,8.80410401754473
2.833864,4.126617,7.728202,18.935847,29.684869,-119.922661331264,8.67713563621065
2.8654208,4.232706,8.591093,18.194039,29.986186,-113.78027641187,11.8063556044694
2.9164416,4.531684,9.305209,18.203800,29.597390,-107.599738047384,11.5265580383149
2.9653328,5.023551,9.513493,19.121299,28.217163,-103.073113828774,6.65599903726004
2.9973456,5.158573,9.870551,18.818719,27.818647,-99.2730965484356,6.97395254157464
3.0361664,5.139284,10.187936,18.399013,27.750608,-96.8479681718989,8.32858089534947
3.06744,5.071773,10.554913,17.793854,28.586520,-95.679889084081,11.5484574803801
3.0977184,4.840306,10.584668,16.964201,28.644839,-95.3712129194089,14.1719881742775
3.138832,4.647417,11.090500,16.219132,29.402992,-93.7443064994171,18.0900164858276
3.1714304,4.560617,11.655842,15.411806,29.723749,-90.3524012936871,21.4026765746135
3.2000464,4.579906,12.221184,14.673398,30.093105,-86.6414845557616,24.3256436314092
3.2340064,4.589551,12.707180,14.013754,30.180584,-83.004297597403,26.6470181170545
3.2727952,4.666706,13.669254,13.373800,29.966746,-76.0745881842068,28.9349092746766
3.3027072,4.830662,14.006475,13.314727,29.752908,-73.0437152336726,28.7945308041942
3.3352944,5.071773,14.135413,13.354109,29.130834,-69.9922935004936,27.5275374893374
3.3764752,5.226084,14.254432,13.383646,28.158844,-66.5746214044744,26.0939290595037
3.4174624,5.602217,14.571817,13.590400,27.109094,-61.3021271259773,23.7400038637996
3.4462672,5.746884,14.710673,13.629782,26.866097,-59.4761648508291,23.1457975625857
3.479952,5.852973,14.968549,13.629782,26.904976,-57.8617773139241,23.2274467097593
3.517592,6.016928,15.246261,13.560863,26.778617,-55.3450475187105,23.1652680235463
3.5503424,6.074795,15.305770,13.541173,26.545340,-54.188506464869,22.8638203334645
3.6012976,6.036217,15.156996,13.491945,26.749458,-55.4294081847468,23.1512414548394
3.650376,6.016928,15.127241,13.491945,26.749458,-55.6560109103891,23.1649818854176
3.6814816,6.074795,15.355362,13.472254,26.389821,-53.4085192309719,22.9126245124435
3.7240784,6.074795,15.434708,13.413182,26.389821,-52.8982214846174,23.1563384677999
3.7526784,6.190529,15.633074,13.432873,26.205143,-51.0539126218023,22.8297811449525
3.7826928,6.296617,15.593401,13.432873,26.088504,-50.4598902475222,22.3763752362412
3.8141408,6.412351,15.811603,13.511636,25.932986,-48.758857817702,21.9627600251807
3.8538304,6.402706,15.762011,13.570709,25.670548,-48.509241067914,21.464217641686
3.8851376,6.450929,15.533891,13.738081,25.446990,-49.1794686201018,20.3744032158627
3.9164736,6.528084,15.454545,13.856227,25.233153,-48.945575897166,19.5246782623174
3.950376,6.528084,15.256179,14.279581,25.213713,-50.8700721124901,18.2047445213817
3.9865776,6.759551,14.988385,14.683244,24.960995,-51.4136764718172,15.990525223629
4.0174336,7.000662,14.879284,14.889998,24.659678,-50.5766801950134,14.3767890516408
4.0473568,7.135684,14.988385,14.899843,24.406961,-48.8591003005151,13.8407692173485
4.0888144,7.338218,15.285934,14.742316,23.969565,-45.0876593144118,13.5470109637017
4.1188752,7.617906,15.841358,14.574944,23.464130,-39.6292789545973,13.3472267515082
4.1501568,7.916884,16.436455,14.200817,22.774017,-32.8584744483397,13.3983138399911
4.1851408,8.109773,17.071225,13.984217,22.326901,-27.4888875874521,13.7054535224533
4.232856,8.350884,16.820186,13.442718,21.957545,-24.8644023220296,13.5908451044236
4.271456,8.466618,16.869224,13.176891,21.918665,-23.2671268303904,13.9671693760337
4.3053504,8.302662,16.457306,13.334418,22.190822,-26.9631386296921,13.793464043917
4.3540528,8.244795,16.853023,13.610091,22.414380,-27.0052927087466,14.101701375277
4.3840096,8.283373,15.871113,14.210662,23.017014,-34.4124544719909,12.0727689915314
4.4151936,8.244795,15.404953,14.653707,23.153093,-38.1748824433734,10.6733525339778
4.455288,8.225507,15.226424,14.821080,23.240572,-39.7218343188398,10.2032460178885
4.4864416,8.379818,15.315689,14.791543,23.162813,-38.3759903909571,9.93062063721076
4.5175952,8.485907,15.494218,14.712780,22.754577,-35.8222455809567,9.54698859513168
4.5675648,8.727018,15.692583,14.506026,22.424100,-32.4512125226623,9.28214803086155
4.5974464,9.247818,15.821521,14.427262,21.976985,-28.2219279617528,7.8166408988946
4.6274896,9.363551,15.722338,14.397726,21.733987,-27.3664877101824,7.12843191024837
4.6688256,9.392484,15.494218,14.565098,22.006144,-29.4637498228892,6.74624964556413
4.7002704,9.189951,15.037977,14.801389,22.083903,-33.1422636590553,6.11896367809918
4.7504032,8.958484,14.522226,15.303506,22.336621,-38.4571903284597,5.12050626977716
4.7939008,8.321951,13.599826,16.130523,23.153093,-49.7157349940304,4.53595656280981
4.821432,7.907240,13.470888,16.504650,23.366931,-53.6712269170527,4.75293636223159
4.8624464,7.849373,13.103912,16.827552,23.658528,-57.1318749857288,4.04990849525596
4.9025984,7.955462,12.647671,16.973962,23.503010,-58.7455532088914,2.56875321698636
4.9341168,8.090484,11.794698,17.432711,23.308611,-62.7804426570933,-0.360498422534246
4.9639136,8.620929,10.763197,17.842657,22.929535,-65.2769526257559,-4.67493117644709
4.9952256,9.199596,9.771368,18.330688,22.744857,-68.0011389692493,-8.90866524592645
5.0501088,9.884351,9.136598,19.570287,23.609928,-72.3919819823207,-12.3413653149796
5.0862288,8.804173,8.700194,20.507307,25.262312,-85.0153792857471,-9.99491802786106
5.117568,7.126040,8.402645,20.575631,27.089654,-98.4009204829695,-4.32055992394044
5.1678416,5.582928,8.075342,21.454087,28.537920,-111.887762003163,-1.22320575450039
5.19748,5.399684,7.827385,22.625362,29.033635,-116.534874768154,-2.85046635341371
5.2277568,5.197151,7.648856,22.752250,28.994756,-118.688868515758,-3.03023222096665
5.2688816,4.840306,7.252125,23.220760,28.664279,-122.96055793851,-4.37736976775405
5.2990816,4.406306,6.766129,23.474536,28.343522,-128.002309681211,-5.29194165407246
5.3290736,4.116973,6.220623,23.630706,27.342372,-131.79406864213,-7.5617193137392
5.3652448,4.145906,6.081767,23.777115,26.943856,-132.141334789489,-8.83057266916646
5.4016496,4.637773,6.180950,24.460359,25.155393,-127.288401829031,-14.1525878689708
5.4318432,5.264662,6.250378,24.821502,24.309762,-122.587610479493,-17.4836600853415
5.462624,5.534706,6.141277,24.811741,23.221132,-120.129678961132,-20.2534067028244
5.5052656,5.862617,6.250378,25.192406,22.978135,-117.797918170676,-21.8286643142875
5.5539344,6.055506,5.734627,26.305117,21.743707,-119.487768793886,-27.6759310312575
5.5850832,5.795106,5.228795,27.027403,21.004994,-123.97512289208,-31.0932281602816
5.6252,5.303240,5.109775,27.437349,21.938105,-129.389092230076,-29.2290297494634
5.6578096,5.418973,4.772554,28.325566,20.470399,-129.990918538041,-34.8048922100079
5.6865008,5.708306,4.722962,28.715990,19.673367,-128.013862432254,-37.8097764964554
5.7215056,6.489506,4.822145,29.506601,18.769416,-122.604926279545,-42.1063432750488
5.7706304,7.396084,5.010593,30.004393,17.651627,-115.360830508127,-46.3480751307177
5.7987312,7.810795,4.970919,30.511945,17.262831,-113.408507568295,-48.6627801466499
5.8302128,7.714351,4.673371,30.892609,17.087872,-115.94942634434,-50.1862592664195
5.8704816,7.241773,4.504760,31.175667,17.146192,-120.127923772192,-50.1946738089354
5.9000096,7.299640,4.544433,31.204949,17.272551,-119.783157220677,-49.9120399665569
5.9314848,7.347862,4.613861,31.302555,17.534988,-119.613262801756,-49.3154300378396
5.9775024,7.010306,4.802309,30.882849,18.711097,-121.507173755174,-45.0703228717575
6.0127024,5.496128,4.693208,29.145458,21.656228,-132.463991686661,-33.8737050851093
6.0436336,5.139284,4.871737,28.823357,22.550459,-134.185890305664,-30.5211151210747
6.0802064,5.235728,4.941165,28.706230,22.531019,-133.050103981889,-30.3841357562963
6.1161552,5.370751,4.931246,28.559820,22.015864,-131.527999753547,-31.4518973350964
6.1654912,5.582928,4.921328,28.296284,21.131353,-128.910356831467,-33.2619251235729
6.206496,6.402706,5.685036,28.052268,21.597908,-120.024623979042,-31.6178793865596
6.2362992,6.624529,6.022257,27.691125,21.802026,-116.677600885033,-30.2834826953567
6.26792,6.875284,5.863565,28.130353,20.985554,-115.626836678196,-33.4073017397258
6.2989312,7.126040,5.843728,28.208438,20.402360,-113.606086195222,-35.1993469191217
6.3504608,7.241773,5.823892,28.062029,19.916365,-112.12435734405,-36.2345723391653
6.379984,7.000662,5.694954,27.983944,20.285721,-114.632837797402,-35.2112172956684
6.4103472,6.798129,5.516425,28.032747,20.363480,-116.972651625401,-35.1823498093058
6.4614832,6.692040,5.625526,28.218199,20.470399,-117.376530039641,-34.8456029770953
6.491496,6.711329,5.575935,28.413411,20.528719,-117.909557912339,-35.1686725134352
6.5228336,6.431640,5.605690,28.159635,21.588188,-120.442737115146,-32.0235793107055
6.5675728,5.602217,5.566016,27.369025,22.880936,-126.065857475607,-26.7722756747864
6.5951072,5.399684,5.278386,27.398306,22.288021,-128.207331135766,-28.2546197693244
6.6254656,5.602217,5.466834,27.798492,22.647658,-126.888160434359,-28.1710381298735
6.6590496,5.717951,5.357733,28.130353,22.462980,-127.035926862603,-29.5170913205685
6.7062912,5.563640,5.298223,28.120592,22.628218,-128.465018441997,-29.0284233404157
6.7375776,5.737240,5.199040,28.247481,21.870066,-127.241003305057,-31.2874860792613
6.790184,5.804751,5.189122,28.042507,21.442390,-126.091182552123,-31.9760035075372
6.8301296,6.103728,5.278386,28.452454,21.228552,-124.091381374453,-33.4019167983214
6.8601488,6.200173,5.298223,28.540299,21.092473,-123.357590806335,-33.9456343440015
6.8927056,6.315906,5.367651,28.481735,20.907795,-121.967367861942,-34.282283990858
6.931472,6.325551,5.417242,28.589102,21.141073,-122.088964527098,-33.8712259507898
6.9626592,6.161595,5.337896,28.559820,21.422950,-123.814964705289,-33.1350523611499
6.992472,6.026573,5.228795,28.530539,21.539589,-125.331615054551,-32.8533419440449
7.0399232,6.045862,5.318059,28.715990,21.529869,-124.935390477429,-33.0181901672752
7.0726816,6.151951,5.288305,28.706230,21.490989,-124.43503208366,-33.316713378461
7.10372,6.094084,5.199040,28.969767,21.345191,-125.430771370339,-34.1393779056441
7.148776,6.055506,5.030429,28.842879,20.936955,-125.936708099988,-35.1021490936192
7.1841152,6.065151,4.832064,29.028330,20.421800,-126.613299351587,-36.9622853614587
7.215352,6.094084,4.841982,29.096655,20.246841,-126.246299723376,-37.4792408786633
7.2478256,6.161595,5.010593,29.233303,20.509279,-125.387042747836,-36.8554071287264
7.2863424,6.286973,5.010593,29.301628,20.528719,-124.775834605781,-37.1159570869167
7.3162464,6.248395,4.951083,29.692053,20.645358,-125.997878392784,-37.5373804680752
7.3474064,6.393062,4.881655,29.926308,20.227402,-125.328389398892,-39.178921206294
7.3888112,6.441284,4.931246,29.809180,20.139923,-124.499309167678,-39.1574892390465
7.4388448,6.373773,4.970919,29.789659,20.402360,-124.975858090372,-38.3639428395741
7.4702224,6.171240,4.881655,29.653010,20.548159,-126.670206539323,-37.7197130771221
7.510336,6.180884,4.861818,29.770138,20.499559,-126.816524149163,-38.0642632917924
7.540264,6.123017,4.792390,29.399234,20.256561,-126.772211099524,-38.0862306075918
7.5713024,6.200173,4.911410,29.545643,20.382920,-125.980074613632,-37.8940564997615
7.6023792,6.383417,4.921328,29.789659,20.023284,-124.711580028858,-39.3185531722283
7.6427632,6.528084,4.861818,30.238648,19.935805,-124.693726018868,-40.538065338828
7.6740448,6.489506,4.643616,30.931652,19.663647,-126.707853218388,-42.5933473298435
7.7152272,6.258040,4.574188,30.921891,19.945524,-128.783067642074,-41.7664031523059
7.7650832,5.824040,4.534515,30.160563,20.499559,-131.295969442506,-38.8332745371974
7.79736,5.640795,4.782472,29.623728,21.160513,-131.06494818345,-35.7361377290335
7.8263808,5.679373,4.792390,29.467558,21.296591,-130.756235452824,-35.2373730536311
7.8663504,5.756528,4.901492,29.321149,21.189672,-129.356576356391,-35.1227283404476
7.8987232,5.737240,4.841982,29.116176,21.043874,-129.384739132363,-35.2056033724745
7.9273616,5.901195,5.000674,28.979527,21.034154,-127.309537101894,-34.9292067140858
7.960184,5.833684,5.099857,28.755033,21.413230,-127.321311652028,-33.44163179354
8.0000832,5.698662,5.159367,28.637905,21.938105,-128.272556081186,-31.8078357067152
8.0298448,5.467195,5.308141,28.062029,22.686538,-128.966319821022,-28.6297880808927
8.0850224,5.293595,5.139530,28.267002,22.793456,-131.338567904999,-28.8073728587701
8.1213728,5.399684,5.080021,28.589102,22.181103,-130.717016038855,-30.8963269840606
8.152632,5.486484,5.080021,28.579342,21.967265,-129.936182766696,-31.4669567864962
8.1826688,5.698662,5.040347,28.667187,21.364631,-128.285391419824,-33.3084157992431
8.2340992,5.891551,5.000674,28.862400,21.141073,-127.352850269461,-34.4971219844931
8.264112,5.833684,4.951083,28.940485,20.966114,-127.858754430115,-35.0111635762282
8.2954928,5.939773,5.060184,29.086894,21.034154,-126.87514188789,-35.0347738586247
8.3465936,6.055506,5.080021,29.252825,21.150793,-126.450738938544,-35.1905319959514
8.3764704,6.055506,5.030429,29.223543,20.946675,-126.439316358316,-35.685886276639
8.4114832,6.142306,4.941165,29.438276,20.771716,-126.504428242591,-36.7276016965561
8.4414784,6.180884,4.961001,29.594446,20.800876,-126.403533282567,-36.9249170548451
8.478944,6.161595,4.911410,29.418755,20.499559,-126.190850992873,-37.3823957665786
8.5103552,6.219462,5.020511,29.545643,20.625918,-125.551501981137,-37.1582077592915
8.5403344,6.151951,4.911410,29.565165,20.577318,-126.534610334975,-37.42567623026
8.592656,6.045862,4.812227,29.623728,20.655077,-127.900172092351,-37.398490805032
8.6213504,5.930128,4.732881,29.623728,20.761996,-129.172757637644,-37.1583591984664
8.6526144,5.785462,4.683289,29.526122,20.431520,-129.785841312899,-37.6117795248709
8.6953392,5.881906,4.693208,29.672531,20.538439,-129.472079573014,-37.7342821163661
8.7426992,5.968706,4.752717,29.887265,20.412080,-128.723592167704,-38.3480439559326
8.7740816,6.074795,4.772554,30.355775,20.276001,-128.40389698713,-39.4801502750675
8.825352,6.383417,4.722962,30.414339,19.819166,-126.401967392609,-41.1516667644167
8.855288,6.528084,4.574188,30.658354,18.818015,-125.446135378087,-44.3333163477829
8.886544,6.653462,4.534515,31.068300,18.652777,-125.267346170781,-45.5779550069181
8.9264128,6.701684,4.365904,31.634417,18.254261,-126.184121677624,-47.7664540202701
8.9564528,6.884929,4.157620,32.903297,17.836305,-127.410554278416,-51.2085378130706
8.9887664,6.817417,4.018764,33.371807,17.943224,-129.307850305285,-51.807672270187
9.0199456,6.489506,3.949336,33.635344,18.351460,-132.395780515202,-50.9244143825635
9.0586896,6.393062,3.711298,33.674387,17.904344,-133.872123261488,-52.4764416413708
9.090056,6.277329,3.671624,33.742711,17.564148,-134.475887680741,-53.3330382079099
9.119984,6.219462,3.651788,33.352286,17.486389,-134.39773317007,-52.9888447864995
9.1614416,6.238751,3.612115,33.244919,17.534988,-134.451398180936,-52.8516417655145
9.1926432,6.180884,3.602196,33.488935,17.340590,-134.914549173844,-53.5963614604383
9.2226256,6.335195,3.493095,33.635344,17.136472,-134.577100295044,-54.7585596769317
9.2562896,6.306262,3.433586,33.547499,16.951794,-134.792025266879,-55.2176966517891
9.2928048,6.229106,3.532768,33.459653,16.728236,-134.294991005834,-55.3182829141444
9.3277936,6.267684,3.364158,33.166834,16.494958,-134.464358843033,-56.0109653023312
9.3640464,6.277329,3.503014,33.118031,16.835155,-133.905887289875,-54.7448072190402
9.4140224,6.026573,3.433586,32.542154,16.796275,-135.136455489117,-53.9304156563004
9.4463424,6.016928,3.810480,31.907714,18.089023,-133.672612446318,-48.9118838023709
9.4764592,5.920484,3.969173,31.527050,18.516698,-133.352560168852,-46.8333622386776
9.5199616,5.852973,4.028683,31.146385,18.526418,-132.956100640174,-46.0240215387928
9.5475728,6.007284,4.405577,30.814524,19.430369,-130.470934128779,-42.7802053436381
9.5799792,5.997640,4.494842,30.541227,19.848325,-130.178490069338,-41.2107414273858
9.6099872,6.055506,4.911410,30.111759,20.703677,-127.940876688381,-37.8453613906495
9.6600592,6.016928,5.169285,29.682292,21.568749,-127.226251644068,-34.7362477874153
9.6914912,5.959062,5.456915,28.911203,22.297741,-125.870095936356,-31.3275962250628
9.7216944,5.843328,5.496588,28.667187,22.579619,-126.348136320919,-30.0945338636059
9.7739744,5.698662,5.645363,27.964423,23.075334,-126.064405327976,-27.4063268746529
9.8038976,7.521462,6.885148,27.408067,23.814046,-109.751428469361,-25.7228952316564
9.834,8.293018,7.172778,26.500329,22.910095,-101.579659326525,-26.6518243926706
9.8874944,8.755951,7.381062,25.992777,22.219982,-96.2186699879481,-27.4940883960754
9.9154352,9.421418,7.420735,23.952807,19.644207,-84.1411882993,-30.2751467713015
9.9454256,10.221907,8.829132,22.303262,18.652777,-67.333441757094,-27.9556800453951
10.0000608,11.928974,14.661082,19.667893,19.002694,-28.3789800343096,-14.7640551846148
10.0376016,12.150796,15.037977,16.944680,15.865771,-8.58737330782138,-14.9388548199914
10.0676272,12.170085,16.099233,16.110832,15.523494,-0.463824904447907,-12.014964846855
10.109008,12.035063,16.663265,15.283815,15.699522,3.40872239948855,-8.74007191834066
10.139008,11.581774,18.320746,14.397726,15.572391,11.4533458331887,-3.30672132938372
10.1700112,11.118840,20.380337,13.413182,15.484377,21.0236204990357,3.01605620687337
10.2015408,11.533551,21.253211,12.674774,15.034527,29.8687220589254,4.38807160074021
10.2429168,12.565507,20.811870,12.310493,14.134827,36.785089853479,0.816418399865611
10.2815568,13.568529,20.909946,11.936366,13.342699,45.0270006753922,-1.68645505357932
10.3154432,14.291863,21.145328,11.690230,12.746159,51.4761521823596,-3.31503724321268
10.354016,14.475107,21.047252,11.828066,12.755938,51.0971654763878,-4.14980103588232
10.384048,14.725863,21.135520,11.906829,12.619028,52.3378446879972,-4.92986419147033
10.41528,14.812663,21.106097,11.857602,12.482117,53.2996002082192,-5.28689569140437
10.4474528,14.938041,21.008022,11.916675,12.472337,53.1678755982275,-5.85580674763543
10.4863584,14.851241,20.998214,11.936366,12.599469,52.2606180421759,-5.51803007094942
10.5178864,14.870530,20.792255,12.005284,12.599469,51.4217168898804,-6.04934501261695
10.5476496,15.121285,20.576488,12.162811,12.511455,51.2291497559019,-7.41526289265966
10.6001536,15.159863,20.115532,12.320338,12.687483,48.5725506014604,-8.30878322868809
10.6403232,15.063418,19.625153,12.724001,13.127554,43.3001943097919,-9.02473919862303
10.674088,14.754796,19.409387,12.763383,13.567624,39.7311243574791,-8.08773535579835
10.7227776,14.475107,19.213235,12.822455,13.870784,36.7789331638629,-7.44982771501207
10.7515632,14.031463,19.017084,12.802765,14.623794,31.8244139933812,-5.54358273285405
10.784256,13.732485,18.899393,12.842146,14.966071,28.9764151563318,-4.62290253187739
10.8355216,13.510663,18.889585,12.783074,15.230114,27.4194243077417,-3.60704552485318
10.8642,13.259907,18.889585,12.753537,15.621288,25.2000455885404,-2.36936695712934
10.8952672,13.202040,18.948431,12.773228,15.689743,24.8688457413052,-2.08167708173794
10.9349584,13.028440,18.987661,12.586165,15.797316,24.7187689365364,-1.06618004038881
10.9662864,12.864485,19.105352,12.507401,15.904889,24.4533554801155,-0.177636140784241
10.9963248,12.671596,19.242658,12.310493,16.061358,24.4192883270523,1.14397315913897
11.029904,12.497996,19.556500,12.064356,16.689356,23.4498042092661,3.52899616929689
11.0674064,12.121863,19.733037,11.729612,16.971234,22.9742108018955,5.82158088413898
11.0974736,11.871107,20.046879,11.463785,17.330870,22.8355131694582,7.99362776520734
11.128984,11.629996,20.174378,11.148731,17.661347,22.392672722291,9.94367616349226
11.1691008,11.359951,20.370529,11.001049,17.972384,21.5307670897573,11.6389019294578
11.1999808,11.041685,20.586296,10.577695,18.361180,21.310154456653,14.2406303029143
11.230208,10.771640,20.684372,10.370941,18.633337,20.4771011542722,15.8952252796237
11.284192,10.800573,20.409759,10.370941,18.847175,18.8353938391862,15.7440467944519
11.3141904,10.868085,20.213608,10.518622,18.808296,17.9867618241223,14.9056123248475
11.3428896,10.781285,20.066494,10.558004,18.876335,16.7740727670951,14.9155806169225
11.3739808,10.723418,19.997841,10.676149,19.031853,15.3279742287304,14.8846757844516
11.4252512,10.752351,19.938996,10.813986,18.973534,14.9332673816226,14.3221927760575
11.4551136,10.742707,19.625153,11.207803,18.856895,12.783858372947,12.8104831205003
11.4978672,10.694485,19.183812,11.759148,18.662497,9.74695116757471,10.7259944429439
11.546352,10.781285,18.585550,12.487710,18.604178,5.52044030569572,7.87409392329763
11.5777344,10.713773,18.291323,12.664928,18.662497,3.3642269079885,7.27595121029989
11.6089664,10.723418,18.222670,12.881528,18.691657,2.29967391286293,6.6962295289271
11.6502432,10.868085,18.222670,13.068591,18.545858,2.69723310705534,5.7226767131428
11.6803808,10.935596,18.203055,12.930755,18.594458,3.18050468353818,5.92572134579986
11.7163056,10.897018,18.183440,13.019364,18.545858,2.82737667488105,5.71073220389084
11.7615248,11.041685,18.134402,13.137509,18.419499,3.21031882252172,4.85351901267538
11.7927456,11.022396,17.977480,13.078437,18.497259,2.49167743339267,4.91241611776011
11.822864,11.032040,18.095171,12.999673,18.506979,3.20172108461858,5.25953183492507
11.8552928,11.041685,18.154017,13.009519,18.545858,3.28855006917338,5.36074050827208
11.9090128,11.109196,18.114787,12.822455,18.390340,4.57334284839601,5.34233520068936
11.9362576,11.215285,18.183440,12.822455,18.302861,5.52160343810606,5.07285685369306
11.9701408,11.244218,18.163824,12.842146,18.283421,5.55500853574277,4.90402830570238
12.0187504,11.523907,18.281515,12.901219,18.089023,7.47850814898374,4.02462829838843
12.0486496,11.543196,18.232477,12.861837,17.787706,8.56675605696562,3.53886878664557
12.0789312,11.697507,18.310938,12.822455,17.661347,9.99648937830672,3.20773173530402
12.1227504,11.842174,18.350168,12.733846,17.593308,11.2155083282774,3.03815167320406
12.1501904,11.948263,18.389399,12.792919,17.437789,12.0800800839893,2.49113708868867
12.1815248,12.035063,18.350168,12.763383,17.204511,13.1948585978499,1.94265282367829
12.2164704,12.227951,18.379591,12.733846,17.214231,14.0555148498358,1.64087926403823
12.2528192,12.507640,18.016711,13.107973,16.971234,13.2880117286265,-0.744534617686426
12.2827904,12.575151,17.800944,13.186737,16.864315,12.8623562569887,-1.57779142515637
12.3139648,12.565507,17.604793,13.334418,16.796275,11.8399773113279,-2.30306991304164
12.3553424,12.710174,17.408641,13.324573,16.582437,12.4617114079925,-3.26409025432771
12.3841536,12.816263,17.379218,13.590400,16.776836,11.0837905277058,-3.78757927490473
12.415264,12.864485,17.251720,13.639627,16.728236,10.7969795596885,-4.28419202792653
12.446336,12.970574,17.075183,13.767618,16.601877,10.5376545067665,-5.28138200067518
12.4952416,13.192396,16.574997,14.181126,16.032020,10.0888301208683,-8.42775000059786
12.5453424,13.298485,16.427883,14.378035,16.022241,9.2712173724303,-9.32387226937253
12.5854848,13.520307,17.001797,14.801389,15.846213,11.2536012224985,-9.93907309956833
12.6179232,13.722840,16.555474,15.136134,15.640846,9.92952775719514,-12.1432581222509
12.6563056,13.857863,16.426536,15.254279,15.670184,9.43382686665855,-12.815912219619
12.6915808,13.857863,16.158743,15.510261,15.728860,7.37696473907068,-13.6857376431576
12.7277952,13.963952,15.960377,15.638251,15.679964,6.77021780940082,-14.5807229879964
12.7591216,14.041107,15.821521,15.805624,15.709302,5.86955148481655,-15.246657872585
12.7888592,14.021818,15.871113,15.795778,15.738640,5.91237547966801,-15.0486432171398
12.8315072,13.983241,15.841358,15.677633,15.719081,6.13822644469316,-14.8374429493191
12.8603744,13.906085,15.990132,15.490570,15.963565,6.20002456141546,-13.6231722636774
12.8914976,13.780707,16.029805,15.333043,16.022241,6.22996826795284,-12.8982594509091
12.9278928,13.684263,16.208334,15.155825,16.572718,5.24736006317603,-11.0837760732223
12.962464,13.539596,16.287680,14.949071,16.786555,4.98663269589037,-9.88322227779339
12.9927792,13.394929,16.416618,14.712780,17.048993,4.84052707733765,-8.45472327401199
13.0225056,13.269552,16.575311,14.437108,17.398909,4.70882211551699,-6.79076876116755
13.0636816,13.211685,16.624902,14.259890,17.437789,5.14977926489552,-6.16374102074825
13.1051792,13.173107,16.714167,14.151590,17.573868,5.23861419346208,-5.49058400850338
13.1361936,12.970574,16.833186,13.806999,17.884905,5.05042848266555,-3.65457108256244
13.1954064,12.854840,16.932369,13.806999,17.884905,4.99035598535586,-3.25209181371449
13.2392208,12.864485,16.981960,13.669163,18.118182,4.88000995617882,-2.52973119007983
13.2687616,12.739107,16.922451,13.531327,18.098743,4.74441745847591,-2.0985517696166
13.3187728,12.671596,17.011715,13.560863,18.244541,4.22594898984662,-1.64450910966618
13.3501376,12.690885,16.962124,13.482100,18.244541,4.38360520543539,-1.59642520169356
13.3802848,12.796974,16.952205,13.619936,18.118182,4.69461963997375,-2.33070986691254
13.4327808,12.729463,16.922451,13.649472,18.069583,4.40546711303006,-2.37530582433477
13.4629664,12.825907,16.912532,13.718390,17.952944,4.88336245512203,-2.92733037610977
13.4941296,12.931996,16.773676,13.885763,17.865465,4.49170847116806,-3.86627739808573
13.5353312,12.970574,16.714167,13.974372,17.807145,4.3123903705582,-4.32291123201041
13.5654688,13.105596,16.605066,13.954681,17.632187,5.07110520942635,-5.02701186193465
13.5964176,13.173107,16.585229,14.240199,17.583588,4.43641847545823,-5.86890619533808
13.6287248,13.259907,16.585229,14.200817,17.486389,5.21650370367264,-6.12671902931577
13.6677984,13.153818,16.614984,14.299271,17.398909,4.90208978729028,-6.20659490120771
13.6991216,13.288840,16.476128,14.417417,17.330870,4.71735743491701,-7.0683636796565
13.7291824,13.365996,16.386863,14.565098,17.068433,5.06495028520965,-8.11568209032623
13.7701152,13.568529,16.248007,14.840771,16.815715,5.21771739811797,-9.74312085230182
13.802992,13.693907,16.059560,15.017989,16.660197,4.91460691652052,-10.9371459221417
13.8416368,13.867507,15.990132,15.244434,16.349160,5.58180576284915,-12.3874630689184
13.8854208,14.079685,15.851276,15.392115,15.983124,6.5973787253452,-13.9813204507763
13.9142592,14.224352,15.742175,15.431497,15.865771,6.99507301693273,-14.7421434135821
13.9453904,14.243641,15.652910,15.500415,15.836433,6.60538782567015,-15.1253636777717
13.9750048,14.214707,15.851276,15.500415,15.885330,7.0481381054358,-14.6245330419476
14.027424,14.243641,15.771930,15.461033,15.787537,7.34050857466874,-14.9232288223607
14.0586656,14.205063,15.762011,15.470879,15.885330,6.7934810276631,-14.7097840270993
14.0876368,14.320796,15.633074,15.579179,15.865771,6.44004196930014,-15.4059733129437
14.1276112,14.185774,15.593401,15.608715,15.758199,6.07607037242406,-15.4715600976466
14.160256,14.253285,15.553728,15.598870,15.738640,6.27860880543379,-15.6894335712612
14.189152,14.224352,15.652910,15.608715,15.826654,6.19597375620362,-15.3132456489834
14.2227184,14.195418,15.623155,15.648097,15.875551,5.67992643918645,-15.2985662203646
14.2642464,14.166485,15.642992,15.628406,15.875551,5.71450915408401,-15.1698329048658
14.2926544,14.098974,15.642992,15.628406,15.895109,5.40213867589231,-15.0053089985607
14.3229776,14.108618,15.533891,15.628406,15.895109,5.03987037080196,-15.2211460369737
14.3681952,14.050752,15.593401,15.520106,16.329720,3.93233020856899,-14.0138979082345
14.4039104,13.877152,15.692583,15.470879,16.465799,3.36624117461944,-13.1657279482319
14.4369024,13.848218,15.762011,15.352734,16.640757,3.32205226185436,-12.4495352866446
14.4864528,13.664974,15.841358,15.205052,16.864315,2.68615426994953,-11.2733786035746
14.516416,13.558885,15.940541,15.136134,17.068433,2.2062856433454,-10.4044551570635
14.546488,13.414218,15.980214,14.978607,17.126752,2.15440207423856,-9.63618013153186
14.581664,13.356352,16.009969,14.850616,17.282271,1.95843951789949,-8.94813863623331
14.6179824,13.259907,16.089315,14.732471,17.486389,1.60689277506861,-8.03648261434066
14.6492048,13.153818,16.257926,14.486335,17.622467,2.20642799541208,-6.81120629675575
14.679208,13.057374,16.257926,14.476489,17.719666,1.55811680156819,-6.43236855544327
14.7317008,12.893418,16.248007,14.387880,17.865465,0.724033079522313,-5.6883934290144
14.76044,12.874129,16.307517,14.269735,17.962664,0.943106411006353,-5.14637130268571
14.7915872,12.835552,16.376945,14.318962,18.030703,0.665075409299655,-4.94335836423809
14.8329824,12.883774,16.327354,14.378035,18.059863,0.365956347734572,-5.19847206257393
14.8641408,12.748751,16.178579,14.466644,18.059863,-0.982008446883352,-5.34650727075993
14.8953264,12.748751,16.158743,14.525717,18.079303,-1.31606347648723,-5.46914812743394
14.9263856,12.739107,16.079397,14.476489,18.176502,-1.80712370320841,-5.31824968758301
14.9764,12.604085,16.257926,14.328808,18.225101,-1.31669764459477,-4.3600858812492
15.0077248,12.604085,16.257926,14.318962,18.409779,-1.89431574263697,-4.03981873126315
