0.0505008,8.538322,17.006530,13.302218,21.665948,-3.79102794675311,-0.223052470378725
0.0816192,8.528673,16.908455,13.134832,21.802026,-4.14270061792267,0.256009969116096
0.1254128,8.547971,16.957492,13.223448,21.879785,-4.36098210790912,0.166874621897588
0.15264,8.480427,16.977108,13.144678,21.840906,-4.20517135843874,0.494432428183476
0.1840128,8.499725,16.937877,13.115140,21.772867,-3.99299045014982,0.374237131230334
0.2152832,8.451479,16.859417,13.184063,21.802026,-4.81621164655722,0.257269362639253
0.2539664,8.403233,16.888839,13.223448,21.831186,-5.10102953057408,0.358153780393142
0.2876608,8.480427,16.790764,13.213602,21.831186,-5.15848619031523,0.0619473619089135
0.3362384,8.470778,16.869224,13.272679,21.802026,-4.96177729280182,0.00942240106422076
0.3888912,8.470778,16.829994,13.312064,21.860346,-5.41828492055224,-0.0597236865763762
0.4214672,8.451479,16.918262,13.252987,21.918665,-5.12911520082992,0.327972864645115
0.4488256,8.461128,16.869224,13.282525,21.860346,-5.20660572486419,0.0880823503333197
0.49008,8.364637,16.888839,13.193909,21.899225,-5.37768075845471,0.615450961262358
0.5303792,8.412882,16.967300,13.085601,21.947825,-4.67048949671034,0.932454154842137
0.5616432,8.374286,16.967300,13.046216,22.045024,-5.00488016757391,1.252462396929
0.615256,8.335689,17.026146,12.996985,22.083903,-4.88955415224714,1.59699647093385
0.6539872,8.268145,17.055568,12.947754,22.113063,-4.98781994940836,1.96036711150024
0.6829008,8.268145,17.055568,12.908370,22.142223,-4.95706573821118,2.09553444431392
0.7287744,8.258495,17.114414,12.839446,22.181103,-4.66194242961047,2.41752645323253
0.765216,8.229548,17.114414,12.819754,22.258862,-4.95705598369274,2.63945105776788
0.7953488,8.277794,17.134029,12.849292,22.200542,-4.58845711333172,2.3974661634065
0.855544,8.354987,17.065376,12.868985,22.113063,-4.34872913535963,1.9536075895048
0.88772,8.229548,17.055568,12.859139,22.113063,-4.88180768668257,2.27259212894269
0.9179248,8.277794,17.114414,12.839446,22.181103,-4.58173531626036,2.37013719740562
0.9714784,8.248846,17.084991,12.809908,22.229702,-4.88187091741809,2.53911869186753
1.010408,8.171653,17.124221,12.721292,22.278302,-4.91951183685078,3.06325336920853
1.0403856,8.229548,17.094799,12.800061,22.356061,-5.27133267280924,2.78971559320126
1.0915168,8.171653,17.153644,12.750830,22.346341,-5.090483989937,3.11784856478552
1.1253072,8.210250,17.114414,12.790215,22.288021,-5.03623122546607,2.79791870584875
1.1551568,8.258495,17.084991,12.849292,22.307461,-5.1935985134892,2.52100135435547
1.1940752,8.219899,17.075183,12.829600,22.394940,-5.59800809049549,2.76607435780856
1.2266544,8.268145,17.104606,12.740984,22.365781,-4.92192759768336,2.86567513696331
1.26764,8.210250,17.065376,12.770523,22.307461,-5.23978459305136,2.80757243972635
1.3002384,8.248846,17.055568,12.829600,22.307461,-5.29715780936791,2.55434588281897
1.337816,8.248846,16.869224,12.868985,22.317181,-6.22260267481662,2.22448438495076
1.3674144,8.248846,16.947685,12.898523,22.326901,-6.01171404739675,2.26857821084937
1.3988848,8.297092,16.898647,12.918216,22.365781,-6.1898891521693,2.0886971733756
1.441576,8.287443,16.751533,12.928062,22.278302,-6.61475799989265,1.77677947735927
1.4777024,8.210250,16.820186,12.918216,22.268582,-6.59217139542398,2.0688612168074
1.5103808,8.133056,16.898647,12.878831,22.394940,-6.84643309978415,2.62667135679887
1.5513648,8.190951,16.849609,12.878831,22.433820,-6.92504672510916,2.4707917474915
1.601608,8.181302,16.918262,12.937908,22.424100,-6.82446395436423,2.42705471471485
1.6327632,8.084810,17.006530,12.819754,22.492139,-6.70980644136305,3.16034707417372
1.6727664,8.046213,16.996723,12.829600,22.569899,-7.17322353777865,3.31997609937116
1.703864,7.997968,16.996723,12.770523,22.569899,-7.20034417329623,3.58546420023132
1.735248,7.969020,16.977108,12.740984,22.628218,-7.49014192649734,3.78080961871658
1.7738736,8.007617,17.016338,12.770523,22.657378,-7.33714027336244,3.70063418323847
1.8064256,7.930423,16.986915,12.701599,22.705977,-7.72524049361575,4.08798269171286
1.847576,7.862879,17.055568,12.642522,22.744857,-7.6606670093051,4.5420211517688
1.8777872,7.891826,17.173259,12.691753,22.725417,-7.13277106661919,4.47345664608399
1.917776,7.872528,17.173259,12.583445,22.735137,-6.9207607143304,4.80390007839138
1.9516512,7.804984,17.114414,12.622830,22.715697,-7.51160937814649,4.77396325726192
1.978872,7.833931,17.183067,12.642522,22.715697,-7.15951195367519,4.74044068865917
2.0227872,7.891826,17.153644,12.573599,22.764297,-6.97955249396467,4.79251713184226
2.0503888,7.940072,17.212489,12.573599,22.705977,-6.35718071164217,4.67285855795303
2.0804048,7.949722,17.114414,12.632676,22.696257,-6.87458541477976,4.36333022717337
2.1141856,7.959371,17.124221,12.672061,22.667098,-6.82343114201158,4.21647579014397
2.1529312,8.017266,17.084991,12.642522,22.705977,-6.77301461505398,4.1455915791074
2.1826,7.949722,17.006530,12.681907,22.696257,-7.47413592828222,4.10175159636135
2.2166784,7.969020,17.055568,12.721292,22.637938,-7.13063940084157,3.94395876081455
2.274016,8.007617,17.026146,12.691753,22.735137,-7.29298143322314,4.00908072568667
2.3052768,7.969020,16.986915,12.750830,22.637938,-7.50694133091383,3.78171493948716
2.3378416,8.046213,16.967300,12.711446,22.686538,-7.29223402233877,3.72557598362494
2.3775936,8.055863,16.947685,12.790215,22.637938,-7.4235815033861,3.41817676422626
2.4075696,8.055863,16.908455,12.829600,22.608778,-7.61877715961946,3.23174513660554
2.437744,8.075161,16.869224,12.868985,22.618498,-7.84798125683133,3.04839966879417
2.4714976,8.181302,16.761341,12.898523,22.531019,-7.68378933428974,2.45787881564227
2.5100512,8.104109,16.800571,12.947754,22.501859,-7.90311621596838,2.53991240307628
2.5416448,8.123407,16.751533,13.016678,22.492139,-8.20355545934885,2.24560530841788
2.571496,8.133056,16.722111,13.036370,22.482420,-8.31641372754544,2.12183971003578
2.6116864,8.190951,16.682880,13.134832,22.404660,-8.29879878049428,1.58384315602384
2.64292,8.181302,16.555382,13.203756,22.375501,-8.99552205624655,1.22983505061125
2.6741456,8.239197,16.535767,13.233294,22.336621,-8.80600797006495,0.938252187563268
2.7053248,8.171653,16.545574,13.223448,22.394940,-9.19306325597151,1.21824424523403
2.7454112,8.210250,16.516152,13.282525,22.365781,-9.24212109872715,0.901735136825057
2.7766528,8.229548,16.516152,13.341602,22.404660,-9.44772235169186,0.763658338879477
2.8064944,8.258495,16.496536,13.390833,22.326901,-9.32467407478739,0.443094138156969
2.85264,8.277794,16.437691,13.302218,22.326901,-9.23198540370622,0.53163842712053
2.9004144,8.306741,16.418076,13.548373,22.249142,-9.68600378291135,-0.265293634858473
2.9288944,8.306741,16.388653,13.548373,22.083903,-9.32640554288238,-0.530958982637006
2.9701536,8.354987,16.398461,13.656681,21.967265,-9.05604330833159,-1.05412361127164
2.9999776,8.383935,16.486729,13.676373,21.850626,-8.27528137057659,-1.20984314162466
3.032792,8.422532,16.447498,13.686220,21.811746,-8.19220201357359,-1.43372956156617
3.0626176,8.432181,16.398461,13.755143,21.782586,-8.47583067193579,-1.72996479603362
3.1013472,8.480427,16.359230,13.912682,21.656228,-8.5297170671069,-2.45090040744333
3.1328368,8.576919,17.308165,13.991452,21.636788,-4.36848658779457,-1.58259186704128
3.1627168,8.538322,17.288318,13.981606,21.636788,-4.57783205098692,-1.49580690296865
3.205296,8.499725,17.268471,14.030837,21.704827,-5.1633663486447,-1.45530386866913
3.2338496,8.461128,17.119615,14.020990,21.831186,-6.27510559935893,-1.37196219385131
3.265424,8.403233,17.079920,13.991452,21.918665,-6.84695288003541,-1.10114147753252
3.2991376,8.354987,17.079920,13.971759,22.015864,-7.27268444282184,-0.809334730303963
3.3368512,8.326040,17.069997,14.020990,22.083903,-7.77492941369191,-0.778882629077337
3.3677328,8.335689,17.069997,14.011144,21.976985,-7.39491333758282,-0.922695796083723
3.3975536,8.403233,17.119615,14.020990,21.850626,-6.57049092561419,-1.20922115493053
3.4415776,8.412882,17.218852,14.040683,21.743707,-5.86629743979666,-1.28877916113073
3.469024,8.480427,17.129539,14.148991,21.617348,-5.9026332440611,-1.99611358062654
3.5191536,8.519023,17.119615,14.257299,21.500709,-5.76027888537714,-2.51380105394691
3.5603936,8.557620,17.069997,14.316376,21.471549,-5.8936177485917,-2.85038415504864
3.6016768,8.644463,17.149386,14.345915,21.345191,-4.92692668343724,-3.18608594480808
3.6316928,8.557620,17.139463,14.385300,21.277151,-5.23848606861944,-3.18400274178423
3.6752464,8.663761,17.199005,14.404992,21.228552,-4.47521951966562,-3.46092456612423
3.7029344,8.692709,17.228776,14.336069,21.150793,-3.80033473096843,-3.43501470400641
3.7338928,8.692709,17.159310,14.336069,21.131353,-4.02585622898426,-3.5589827188315
3.76528,8.654112,17.169234,14.414838,21.082753,-4.23277925143564,-3.70626077322318
3.8052688,8.692709,17.179157,14.552685,20.985554,-4.15542951762938,-4.23680615055031
3.8366128,8.683060,17.069997,14.631455,20.966114,-4.81710535504981,-4.57735416078437
3.8663472,8.673410,16.970760,14.749609,20.985554,-5.67025361753994,-4.93988314796189
3.9037184,8.683060,16.970760,14.769302,21.004994,-5.74589941906965,-4.97969464869252
3.9376528,8.509374,16.980683,14.690532,21.228552,-6.84472278260563,-4.06927414682537
3.9689312,8.499725,17.030302,14.680686,21.306311,-6.87858682955573,-3.8459608104189
3.99904,8.480427,17.248623,14.562531,21.364631,-5.88655217332744,-3.14372277370179
4.0502432,8.297092,17.278394,14.444377,21.364631,-6.16994924047255,-2.40109070975092
4.080072,8.133056,16.398461,14.385300,21.461830,-10.6512859042301,-2.96573760574849
4.1114256,8.258495,16.378845,14.365607,21.422950,-10.0305417477388,-3.29824917185934
4.15292,8.268145,16.339615,14.385300,21.364631,-10.0432448515292,-3.50555521450011
4.2039344,8.190951,17.218852,14.355761,21.559029,-7.16358464862386,-1.75950766637071
4.2339968,8.046213,16.950912,14.404992,21.860346,-9.89841623994654,-1.48907423957819
4.28528,7.766387,16.792133,14.454223,22.424100,-13.4911358406244,-0.396141901577558
4.3152624,7.650597,16.811981,14.473916,22.453260,-14.0350786242296,-0.102492984859744
4.3463952,7.737440,16.663125,14.592070,22.443540,-14.6025166111587,-0.801183355165577
4.3862448,7.756738,16.583736,14.601916,22.268582,-14.3948791039185,-1.21462616975651
4.41788,7.843581,16.633354,14.631455,22.132503,-13.5141636180122,-1.60722397696518
4.4476496,8.113758,16.692896,14.592070,21.889505,-11.3183713953536,-2.40117346940465
4.4801056,8.229548,16.911218,14.710224,21.520149,-9.19783581065655,-3.15618835697402
4.5290112,8.499725,17.010455,14.788994,21.238272,-7.07787404411149,-4.21873861507026
4.5602736,8.982184,16.633354,14.877610,20.557878,-4.90048214456347,-7.03894170074907
4.5901424,9.262011,16.444804,15.074534,20.120483,-3.80646136844808,-9.04205637794877
4.652784,9.512889,16.454728,15.222227,20.120483,-3.18231531572944,-9.91722007852854
4.6827968,10.313772,15.234113,16.000077,19.216532,-4.52588273790924,-16.6672017949898
4.7129488,10.458509,15.035639,16.167462,18.983254,-4.55044013374119,-18.0354223520817
4.764968,11.018162,14.589073,16.456649,18.147342,-2.42624938904559,-21.9706322635458
4.8151904,11.741851,14.549378,17.266780,16.961514,1.52943745184128,-27.219127409104
4.8565232,13.189229,14.995944,17.676727,15.238135,13.1641278787825,-33.1115595989869
4.8867968,14.385727,15.799764,17.559599,13.464934,26.9554668210754,-36.9251195936146
4.9176672,16.199774,16.782210,16.915398,11.397833,46.4135981057906,-41.1112173679973
4.960432,17.539888,17.163452,15.714537,9.722600,63.280611144488,-44.0042567464905
4.998888,20.056508,19.536885,12.652368,8.115943,97.4432907505417,-41.481535855492
5.0301216,21.372450,21.017829,10.171126,7.332208,119.883064813,-38.0111104892644
5.0600848,22.765236,22.116278,8.113270,6.607253,139.480733680757,-36.0543994431565
5.1201904,24.292497,22.636079,7.729268,6.185996,147.394087157219,-37.9277053948469
5.1513952,26.040683,21.674937,7.384651,5.137750,156.410249845123,-44.4469941409257
5.1852016,26.290424,22.096663,6.734802,4.853646,162.759081280523,-43.4796598095442
5.2230192,26.933987,21.959357,6.518185,4.559746,166.439134151288,-45.1117522801158
5.253872,26.789906,21.694552,6.656032,4.804663,163.639472581391,-45.1434595680838
5.284096,26.328846,21.802435,6.675724,5.000596,161.887971739173,-43.7534372423905
5.327904,25.454753,22.616464,6.921879,5.656975,156.618751982034,-39.645115560215
5.35636,24.013940,20.713794,7.404343,5.901892,147.143380098842,-41.3666716900965
5.3877136,23.668145,21.096290,7.857268,6.303556,142.365290657003,-39.914156346803
5.4213472,23.620118,20.615719,7.936038,6.352539,140.707381242208,-40.8693991357846
5.4726144,23.975518,19.811497,8.290501,6.166402,138.946889369654,-44.2402580760615
5.5091584,25.003298,20.596103,8.694196,6.323149,139.150654082258,-44.6802331230137
5.5429568,25.137774,19.772267,8.733580,6.068435,139.086833759921,-47.2644263617091
5.5804368,25.358698,19.507462,8.881273,5.931282,138.950399665,-48.7449678516376
5.6115904,25.445147,19.664384,8.861581,5.941078,139.440733424751,-48.4892457674629
5.644192,25.473963,19.821305,8.822196,5.950875,139.932121947556,-48.1097452651085
5.6840704,25.762126,19.164197,8.812350,5.559008,141.481487299432,-50.8717129531148
5.7128944,26.079105,19.448617,8.950197,5.686365,141.084399038324,-50.6804850656497
5.7467456,25.819759,19.321118,8.841889,5.705958,140.888694785016,-50.3337579891312
5.7890448,25.646861,19.154390,8.772965,5.686365,140.773000879291,-50.3599384059989
5.8254352,25.521991,19.527078,8.723734,5.686365,141.484375088597,-49.2500438664096
5.8551536,26.175159,19.409387,8.694196,5.255310,144.966332047567,-51.4732074866427
5.8866688,26.357662,19.183812,8.507118,5.206327,146.213395066561,-52.084675021279
5.9375904,26.127132,18.389399,8.546503,5.059377,145.062158842186,-53.9487983870064
5.967704,25.829364,17.663638,8.654811,5.049580,142.67715237814,-55.3932781987432
5.9976624,26.136737,19.321118,8.812350,5.568804,142.359944824181,-51.0964418843991
6.0415744,26.357662,19.546693,8.861581,5.637381,142.487632934733,-50.8721204237693
6.0902784,25.742915,21.027637,8.723734,6.274166,141.287116456255,-45.1560675686254
6.1215152,24.849611,21.253211,8.398810,6.303556,141.726103401383,-42.6035501492155
6.1767344,25.675677,20.978599,8.664657,6.107622,142.292352346852,-45.3953359056477
6.2142368,25.790942,20.223416,8.457887,5.696161,144.564008637157,-47.713894501717
6.2441968,25.502780,21.351287,7.995115,5.735348,148.291003326423,-43.9964757494125
6.2965904,25.983051,21.263019,7.847422,5.519821,150.932317718931,-45.1876219236418
6.3267184,25.166590,22.116278,7.857268,6.097825,147.749797101899,-40.8864037733571
6.3576912,24.234865,22.400698,7.492959,6.127215,148.548071725946,-37.9866356709538
6.398912,23.927491,22.351660,7.207419,6.058639,149.955229845455,-37.148911230068
6.4289152,23.879464,22.077048,7.384651,6.088029,148.261463541715,-37.8773380479904
6.4590528,24.263681,21.890704,7.581575,6.068435,147.593392798546,-39.3403813432126
6.4916096,24.590265,21.370902,7.689883,5.960672,147.270006190313,-41.3961420600893
6.5313216,24.196443,21.665129,7.650498,6.068435,146.721115680401,-39.8030515985656
6.5665104,23.937097,22.410505,7.581575,6.283962,146.714396586921,-37.2796026173662
6.6051744,23.744988,22.665502,7.414189,6.342743,147.420222750599,-36.0080102405453
6.6427904,23.879464,23.087228,7.532344,6.646440,146.016494435141,-35.0613442558916
6.6729568,23.908280,22.714540,7.699729,6.568066,144.963265172402,-36.2862518837395
6.7239408,23.956307,22.390890,7.817884,6.577863,143.804519960103,-37.1977467687761
6.7652656,24.071572,21.331672,7.965577,6.254572,143.152879633876,-40.442745341796
6.7952608,23.821832,21.498400,7.788345,6.293759,143.774821787777,-39.2598286969413
6.8266992,23.927491,21.380710,7.729268,6.127215,145.013723694653,-39.9266871062795
6.869048,24.484605,21.370902,7.709575,5.833315,147.698754813608,-41.5095664939026
6.8967232,25.387515,21.478785,7.876961,5.794128,148.639268069053,-43.2155223913896
6.9278528,25.666072,21.184558,7.778499,5.500228,150.801173486521,-44.7485709634865
6.9615408,25.512385,21.822051,7.315727,5.402261,154.721802123881,-42.5705375807485
7.0004352,25.704494,21.459170,7.256650,5.245514,155.693890952517,-43.8864608317265
7.0304336,25.233828,21.988779,7.187727,5.637381,153.94217749974,-41.0366188736495
7.0617056,25.022509,21.606284,7.443728,5.794128,150.677167868049,-41.5791164302493
7.1017024,24.936060,21.066867,7.768653,5.735348,148.161789900364,-43.2402799875206
7.1317136,24.532633,21.057060,7.936038,6.019452,144.941781682904,-42.2559660240363
7.1641856,24.263681,21.057060,7.955730,6.166402,143.553242620509,-41.5138800298337
7.1940304,24.244470,21.086482,7.965577,6.088029,143.951888655758,-41.5992819399007
7.2440944,24.523027,21.792628,7.591421,5.833315,149.120304303613,-40.4978301257572
7.2752784,24.571054,22.057432,6.892341,5.402261,156.075512449366,-39.6786737609784
7.3052576,25.310671,22.439928,6.862802,5.392464,157.989634863635,-40.1798586490418
7.3514624,25.108958,22.871461,6.843110,5.627584,157.097913645819,-38.4443916135274
7.3881808,24.705530,23.430493,6.596955,5.794128,157.779588448268,-35.8461692961965
7.4189824,24.638292,23.312802,6.606801,5.843112,157.172791988055,-35.8756968382704
7.4590608,24.523027,22.851846,6.715109,5.862705,155.581636113332,-36.7312054182793
7.4901168,23.677750,22.557619,7.089265,6.274166,149.334536584073,-35.6342995376517
7.521464,23.572091,22.547811,7.246804,6.479896,147.108228799391,-35.3445885753253
7.5577248,23.668145,22.312429,7.384651,6.372133,146.708551755191,-36.4520367644736
7.591696,24.302102,22.253584,7.532344,6.185996,147.872567553291,-38.3535315249363
7.6226864,24.426973,23.077420,7.305881,6.146809,150.863883585238,-36.6241601769371
7.6529696,24.398157,22.606657,6.734802,5.617788,156.313571186003,-37.518611609047
7.7042336,24.619081,22.302622,6.675724,5.480634,157.325734341879,-38.708672546334
7.73392,25.473963,21.792628,6.892341,5.255310,157.893327941049,-42.1371281175649
7.7654512,26.011867,21.125713,7.177881,5.225920,156.219578584103,-45.0251019725485
7.8066336,25.992656,21.174750,7.404343,5.353277,154.240479424767,-44.9999839973085
7.8366352,25.435542,21.037444,7.748960,5.735348,149.042090639104,-44.12353496723
7.8678368,25.253039,20.605911,7.808037,5.666771,148.088042416254,-44.97538571599
7.8976512,25.406726,20.566681,7.867115,8.066960,134.97533412275,-40.4773410735459
7.9504448,25.512385,20.978599,7.670191,5.490431,150.892637078882,-44.7628467996069
8.0038544,26.434505,20.527450,7.670191,5.118157,153.748242912523,-48.0720444808167
8.0351168,27.260571,20.164570,7.739114,4.824256,155.740142237854,-50.9568846394005
8.071248,27.673604,20.095917,7.837576,4.755679,156.088025519958,-52.0640985904191
8.1029632,27.904134,19.997841,7.719422,4.677306,157.403285716978,-52.6315392335176
8.137928,27.932951,19.948803,7.709575,4.628322,157.709433268161,-52.8801838635281
8.1766896,27.587155,20.370529,7.483113,4.647916,159.006820721109,-51.0028776165569
8.2052032,26.924382,20.419567,7.443728,4.951613,156.579730737006,-49.1013769633311
8.2366016,26.098316,20.703987,7.394497,5.186734,154.686065133911,-46.5265295963422
8.2729168,25.742915,20.802063,7.571729,5.372871,152.204782228969,-45.6144520397884
8.3065664,25.819759,20.919753,7.591421,5.372871,152.400034094409,-45.5249651916735
8.3380768,25.819759,21.204173,7.552036,5.480634,152.459365046539,-44.6259112612712
8.3675616,26.021472,21.096290,7.581575,5.412057,152.826217781517,-45.3875594553461
8.418744,26.223186,21.449363,7.355112,5.235717,155.956458701141,-44.9724849470991
8.450256,26.165554,21.606284,7.010495,5.098563,158.862307259648,-44.2523481146463
8.480032,26.223186,21.851473,6.921879,5.118157,159.700012533844,-43.6435505020071
8.531632,26.098316,21.704360,6.912033,5.088767,159.532786354038,-43.784151187711
8.5628608,25.944629,21.949549,6.951418,5.265107,158.422936539469,-42.707372320233
8.5927184,25.973445,21.655322,6.990803,5.167140,158.370325657539,-43.6436339953601
8.6342992,26.069499,21.478785,7.089265,5.147547,157.796734570629,-44.3888453794573
8.6841264,26.059894,21.027637,7.335420,5.216124,155.294678579212,-45.6027930797905
8.7167776,25.925418,21.380710,7.492959,5.343481,154.006448319436,-44.6214148865615
8.7551056,26.040683,20.958984,7.463420,5.265107,154.147603771172,-45.8275793833453
8.78656,26.184764,21.478785,7.394497,5.353277,155.053101407211,-44.6650018505702
8.817616,26.376873,21.164943,7.394497,5.206327,155.702886215543,-45.9594532361961
8.8505008,26.588192,21.066867,7.246804,5.020190,157.781198529535,-46.6728430270711
8.8876112,26.828327,21.204173,7.089265,4.843849,160.256471678882,-46.8933655272286
8.91892,27.049252,20.772640,7.059726,4.775273,160.522697998015,-48.2921865589501
8.9475536,27.135701,20.753025,7.276343,4.794866,159.251060949296,-48.7857536820346
8.9900944,27.174122,20.635334,7.502805,4.922223,157.104935808219,-49.191963659431
9.0214368,27.529523,20.566681,7.748960,5.010393,155.637695763037,-50.1061457320487
9.0503808,27.548734,20.802063,7.886807,5.157343,154.426710102949,-49.5281842830949
9.084256,27.692815,21.086482,8.103423,5.353277,152.799669424613,-49.0712214772869
9.1330288,27.337415,21.263019,8.132962,5.578601,151.142842480341,-47.7189486497434
9.1629872,26.972409,21.017829,8.172347,5.529618,150.252973842866,-47.8194342618974
9.1942432,27.289388,20.919753,8.349579,5.549211,149.524490698218,-48.7642794969879
9.24752,27.318204,20.753025,8.349579,5.510024,149.521377155968,-49.2444975446847
9.2862464,26.972409,19.968419,8.123116,5.167140,150.87978724006,-50.7839410508503
9.3190704,27.010830,19.644768,8.192039,5.039783,150.754002909133,-51.9549819017521
9.3674416,27.174122,19.429002,8.241270,4.932020,151.00033144555,-53.0144751780115
9.3976304,27.529523,19.791882,8.300348,5.069173,151.03818454418,-52.5361000883299
9.4399424,27.750448,19.703614,8.408656,5.029987,150.862744568946,-53.3228130056248
9.4800016,27.712026,18.664011,8.388963,4.716493,151.02100856287,-56.3122161483287
9.5103104,27.567945,18.301130,8.467733,4.667509,150.030894971798,-57.1789373011199
9.5415232,27.548734,17.742099,8.566195,4.530355,149.299328875909,-58.9597176775139
9.5828256,27.241360,17.967673,8.497272,4.618526,149.052278399199,-57.6399694454524
9.6129584,27.212544,18.173632,8.635118,4.755679,147.775424686398,-56.9882043911982
9.6441552,27.347020,18.379591,8.625272,4.892833,147.623809727063,-56.3699782148405
9.6776256,27.433469,18.291323,8.733580,4.863443,147.176179198742,-56.9385927445256
9.7265712,27.817686,18.036326,8.871427,4.775273,147.11306974678,-58.5211422702236
9.7551472,27.414258,18.369784,8.704042,4.883036,147.331130154864,-56.6359456064859
9.786544,26.982014,18.546320,8.526810,4.990800,147.294842654492,-55.0463787920855
9.8368352,26.155948,19.370156,8.172347,5.255310,147.80052109653,-50.6951516629363
9.8688608,25.800548,19.693806,8.034500,5.255310,148.531356386873,-49.1650760181033
9.9165648,25.771731,20.203800,7.896653,5.353277,149.552326930274,-47.5456411779423
9.9604336,25.349093,20.929561,7.601267,5.490431,150.942755546076,-44.4718985121611
9.9916912,24.340524,20.439182,7.217265,5.402261,151.225811145548,-43.2857844463754
10.02152,23.456826,20.821678,6.862802,5.441447,152.264785676488,-40.1054412074999
10.0727872,24.013940,21.508208,6.843110,5.461041,154.290388454857,-39.5971032178925
10.1029584,25.512385,23.685490,7.296035,6.097825,153.766494110689,-37.4423134755252
10.1342064,25.579623,24.460289,7.158188,6.274166,154.789291528282,-35.5307587341806
10.1752944,24.974482,24.166061,7.000649,6.313353,154.116624643832,-34.6627826893061
10.2051952,24.340524,21.861281,8.851735,7.900416,131.201151677466,-38.144833918279
10.2375776,22.755630,21.586669,12.140366,14.787487,82.8236730694744,-29.5682231243173
10.2688464,19.605053,17.114414,14.375454,12.142381,64.849591786467,-40.4482023695736
10.3076448,16.479600,16.732591,14.916995,11.936651,52.8417653315493,-37.1089003471615
10.3407456,14.588360,15.581442,15.172996,12.367705,39.7861918379294,-35.5124046046575
10.3701792,13.411160,15.363121,15.271458,13.171034,31.1786041384906,-32.2284107391485
10.4102976,12.581330,15.789840,15.763768,14.503383,22.9229623533769,-28.1452183904726
10.4427984,12.050625,16.067704,16.295463,15.512442,16.5935516468072,-25.7803362085125
10.4714096,11.375182,16.226483,16.512079,16.031666,12.1335986445415,-23.6480008551886
10.5040048,11.037461,16.623430,16.384079,16.456079,11.3894129558507,-21.2714954605432
10.5565936,11.297988,16.573812,15.990231,16.349160,13.8591500978224,-21.2641309633948
10.5854592,11.693605,16.911218,15.438843,16.397759,18.3469883450332,-20.2829132163229
10.6190288,12.205012,16.940989,15.291150,15.884716,22.6378105194826,-21.8605100750933
10.6653472,12.996245,16.653202,15.419151,15.424272,25.6499988184759,-25.0313529449471
10.695496,13.584845,16.851675,15.763768,15.571222,26.7741588608588,-26.2589842709768
10.7266096,13.835724,16.653202,16.167462,15.296915,26.5143798474806,-28.3500720903009
10.767944,14.028708,16.434880,16.443156,14.973624,26.5882408734765,-30.2070695882727
10.7978672,13.864671,16.087551,16.462848,14.709113,25.6028811799288,-31.057628802892
10.8277888,13.719934,16.047856,16.466409,14.728707,24.8542396961234,-30.8289046051231
10.8617184,13.623442,15.928772,16.505452,14.797284,23.6954342258662,-30.8139424773167
10.8989616,13.507652,15.859306,16.524973,15.198948,21.5703169628739,-30.0187117744807
10.9303472,13.333966,15.779916,16.368803,15.483052,20.2001424802203,-29.015189996211
10.960488,13.131333,15.859306,16.453002,15.669189,18.8292400858629,-28.3059710708909
11.0029712,12.957648,16.037932,16.354540,16.012073,18.0293797521426,-26.8462343075437
11.0316624,12.812910,16.256254,16.443156,16.417199,16.6695003914431,-25.6418766048683
11.0641472,12.542733,16.365414,16.354540,16.582437,15.8195160443808,-24.4661204369841
11.0942256,12.214661,16.583736,16.088693,16.699076,15.8989218682086,-22.7153080545487
11.1340976,11.915536,16.772286,15.793307,16.757396,16.2665032313684,-21.0966917089887
11.1654704,11.857641,16.940989,15.724383,16.864315,16.556400051989,-20.3756019578463
11.2168832,11.790097,17.020378,15.556998,16.980954,16.7688121618081,-19.5674506828978
11.2564432,11.828694,17.069997,15.488074,17.223951,16.5231044847399,-19.0225418248421
11.2867616,11.790097,17.030302,15.340381,17.233671,16.6863620190289,-18.686813001902
11.3167744,11.828694,16.970760,15.379766,17.185072,16.6384689494412,-19.0260747031271
11.3577792,11.886589,17.060073,15.379766,17.126752,17.3817604959148,-19.0946471236263
11.3887136,11.896238,16.990607,15.251765,17.087872,17.7139069865404,-19.0284828793259
11.4188528,12.060274,16.901294,15.241919,17.078153,18.058006564035,-19.5111589739677
11.4537856,12.089222,16.970760,15.251765,17.048993,18.4886795628281,-19.5243615832486
11.4904288,12.417294,16.980683,15.291150,16.942074,19.9634172855789,-20.4379170618591
11.5217824,12.417294,17.000531,15.300996,16.854595,20.2968235497868,-20.5705759254119
11.5515904,12.494487,17.079920,15.281304,16.699076,21.4608932617582,-20.8146214039461
11.5929088,12.436592,16.940989,15.271458,16.621317,21.0356733403584,-21.0401455955491
11.6227088,12.812910,16.762362,15.389612,16.494958,21.7883689191177,-22.5566184117633
11.6552992,12.947999,16.603583,15.517613,16.456079,21.4000498560199,-23.4203080340454
11.6854672,12.909402,16.633354,15.419151,16.426919,21.8000639239691,-23.1457324163493
11.7253168,12.909402,16.623430,15.616075,16.070853,22.3053326327722,-24.1696927832517
11.756416,12.909402,16.593659,15.704691,15.963089,22.2616417518351,-24.5849461665054
11.7867552,12.957648,16.504346,15.822845,15.835732,22.1424694885442,-25.2933929733296
11.8314528,12.986596,16.424957,15.881922,15.727969,22.1236009157228,-25.7966938139112
11.8781088,13.102386,16.464651,15.990231,15.786749,22.1236629620836,-26.0624143282387
11.9079456,13.179579,16.454728,15.990231,15.757359,22.4694049333211,-26.2824170704611
11.9502944,13.073438,16.405109,15.980384,15.747562,21.9665717920992,-26.1608568919932
11.9789088,13.150632,16.434880,16.019769,15.678985,22.4576717467809,-26.4572243125317
12.009256,13.247124,16.315796,16.157616,15.590815,22.2057759480686,-27.2807246704354
12.0427024,13.208527,16.295949,16.137924,15.590815,22.0589151582841,-27.2032203055064
12.0816448,13.237475,16.375338,16.206847,15.688782,21.8880068478894,-27.0770638548975
12.1241632,13.189229,16.315796,16.315155,15.796546,20.7641953471804,-27.1075042851894
12.1564944,13.102386,16.137169,16.295463,15.571222,20.615215700696,-27.6220539338063
12.1942688,13.092737,16.236406,16.285617,15.600612,20.8795332643888,-27.3538935779702
12.2253008,12.996245,16.236406,16.354540,15.600612,20.2901720158525,-27.3004674157938
12.2553616,12.986596,16.305872,16.305309,15.649595,20.5118589087598,-26.9749084744247
12.2990368,13.015543,16.286025,16.334848,15.708375,20.2472238781482,-27.019118651328
12.3265248,13.044491,16.355491,16.275770,15.825936,20.412472155859,-26.6291318209236
12.3579984,13.034842,16.355491,16.167462,15.855326,20.6429505105311,-26.3479651100848
12.3906112,12.938350,16.295949,16.078846,15.933699,20.1024004917201,-25.9532078334336
12.428704,13.005894,16.335643,16.118231,15.972886,20.2331342084163,-26.0233408687834
12.4737776,12.928701,16.355491,16.009923,15.963089,20.420118898589,-25.6424916302989
12.526536,12.928701,16.385262,15.931153,16.090446,20.3658425209842,-25.2120815216506
12.5628384,12.706769,16.544041,15.832691,16.378319,19.4958187849477,-23.8031635956764
12.5914448,12.697120,16.563888,15.744076,16.436639,19.6350972349919,-23.4731498404339
12.6227712,12.687471,16.544041,15.724383,16.485238,19.42920154462,-23.365279591187
12.67524,12.639225,16.553965,15.635767,16.504678,19.5197189312969,-23.041303203034
12.704096,12.581330,16.712744,15.576690,16.582437,19.8295584431892,-22.4028154114268
12.735272,12.562032,16.811981,15.517613,16.514398,20.5518204773462,-22.192071578979
12.775384,12.504137,16.782210,15.448690,16.572718,20.2646644304364,-21.8875582878593
12.805456,12.330451,16.950912,15.300996,16.679636,20.3839379885759,-20.7691220162122
12.836512,12.417294,16.960836,15.310843,16.650477,20.8056915428834,-20.998665644595
12.8666096,12.475189,16.940989,15.399458,16.737956,20.3518628233636,-21.1827921626075
12.9103968,12.455891,16.911218,15.438843,16.669917,20.2678664332518,-21.3878274594079
12.9389568,12.513786,16.802057,15.448690,16.601877,20.2750848216858,-21.824044753667
12.9689584,12.542733,16.792133,15.507767,16.592157,20.1789268600605,-22.0350884993602
13.0117008,12.610278,16.692896,15.556998,16.465799,20.322036298276,-22.6539656675378
13.0414512,12.716419,16.722667,15.753922,16.465799,20.1596348838399,-23.2093409912617
13.0724976,12.812910,16.623430,15.832691,16.178616,20.8507165634153,-24.2214154039498
13.1141168,12.909402,16.474575,15.960692,16.021869,20.7554041652223,-25.1959752063224
13.1639616,12.986596,16.305872,16.088693,15.659392,21.2135240856053,-26.5352590287752
13.19424,13.044491,16.206635,16.216693,15.590815,20.8588113221213,-27.1972534567406
13.225216,13.083088,16.206635,16.265924,15.600612,20.8009529751567,-27.3502684851662
13.275352,13.073438,16.355491,16.157616,15.688782,21.3816793873528,-26.6987427549242
13.306528,13.227825,16.325720,16.206847,15.561425,22.103945814679,-27.3733535991741
13.3390656,13.227825,16.226483,16.275770,15.502645,21.705834099914,-27.7892262416737
13.3774896,13.305019,16.236406,16.275770,15.532035,21.9251570896849,-27.8674834867809
13.4087872,13.314668,16.216559,16.354540,15.532035,21.6204718495102,-28.0729792214931
13.4503648,13.314668,16.037932,16.216693,15.443865,21.7335689242709,-28.2883182263841
13.5016256,13.411160,16.077627,16.295463,15.453662,21.9319825423913,-28.5358257359704
13.5316208,13.623442,15.998238,16.541618,15.198948,22.4472470037055,-30.0151059064638
13.5614096,13.681337,15.978390,16.329761,15.032404,23.8830705631934,-30.0649941472717
13.6029696,13.806776,15.799764,16.417606,14.865860,23.9606945169089,-31.1065046491154
13.6328304,14.173445,15.621137,16.593297,14.669927,24.7156218601562,-32.8207416773869
13.663952,14.231340,15.631061,16.583537,14.748300,24.7244226262193,-32.7439416647512
13.6991936,14.308534,15.611214,16.612819,14.650333,25.1694290304195,-33.1620031584273
13.7479696,14.269937,15.511977,16.524973,14.493586,25.5196787839408,-33.4126244987823
13.787696,14.298885,15.631061,16.524973,14.503383,26.0220372442498,-33.2219038724469
13.8217376,14.395377,15.710450,16.505452,14.454400,26.895334304329,-33.3065653271607
13.8580208,14.501518,15.750145,16.485931,14.415213,27.623797043995,-33.465135800383
13.8878592,14.424324,15.690603,16.427367,14.307449,27.7176304646819,-33.5318736927441
13.9192224,14.482219,15.789840,16.388324,14.287856,28.4876443683765,-33.4155833525085
13.9704512,14.530465,15.869230,16.531772,14.346636,28.2318331906651,-33.5071739974484
14.0016704,14.491868,15.958543,16.571156,14.307449,28.411574557878,-33.4141552092068
14.0316432,14.511167,15.908924,16.551464,14.268262,28.51033710043,-33.580893600414
14.072768,14.617308,15.918848,16.512079,14.287856,28.992090558028,-33.6475195866124
14.1042176,14.742747,15.938695,16.551464,14.180092,29.7464942943408,-34.1145300203787
14.1340752,14.704150,15.928772,16.502233,14.033142,30.2684207073943,-34.2519409631516
14.165472,14.762046,15.879153,16.512079,14.042939,30.2280516272566,-34.4512578331774
14.2055888,14.829590,15.958543,16.531772,13.984159,30.8844647172333,-34.5707259344223
14.23556,14.810292,15.968467,16.551464,14.003752,30.7122316101473,-34.5153090938393
14.2667648,14.819941,15.978390,16.571156,13.935175,30.9543686837421,-34.6801758155972
14.3077312,14.887485,16.018085,16.339521,13.866598,32.4010992663187,-34.4366282258942
14.3378736,14.829590,15.938695,16.502233,13.905785,31.1981290641284,-34.7042224747108
14.3714112,14.935731,15.988314,16.359042,13.856802,32.4309416251419,-34.6356075087776
14.4216336,15.003275,15.889077,16.427367,13.817615,32.2156337922846,-35.1471809147332
14.4516592,15.022574,15.819611,16.573776,13.543308,32.4983937871079,-36.1093515233385
14.4801408,14.926082,15.760069,16.554255,13.504121,32.1606172985345,-36.09167959655
14.5100224,14.945380,15.859306,16.603058,13.582494,32.1209288472067,-35.8702350462393
14.5528704,14.935731,15.889077,16.661622,13.523714,32.1923840505982,-36.0145538070773
14.5851632,14.955029,15.839459,16.622579,13.562901,32.0853479177607,-35.9991645474934
14.61416,14.945380,15.799764,16.651861,13.680461,31.3864797765371,-35.8839826489293
14.6489904,14.935731,15.918848,16.593297,13.631478,32.1555434431291,-35.6257081979932
14.6853104,14.839239,15.918848,16.476170,13.719648,31.9202643243354,-35.0688824086038
14.7153392,14.829590,15.998238,16.485931,13.758835,31.9900935967033,-34.8416571968519
14.745464,14.810292,15.988314,16.446888,13.798022,31.8869260941684,-34.679440832064
14.7966304,14.684852,16.028009,16.339521,13.876395,31.6889682414334,-34.0281142955477
14.8266976,14.675203,16.176864,16.581003,14.101719,30.5189752766611,-33.743763563883
14.8675632,14.559413,16.256254,16.482541,14.219279,30.3238242834173,-32.9822614762943
14.930592,14.491868,16.226483,16.344694,14.170296,30.6421772783417,-32.7513690204559
14.9616048,14.385727,16.276101,16.246232,14.278059,30.4098212458515,-32.0775620206836
14.9927312,14.443623,16.365414,16.177308,14.376026,30.8253352763211,-31.7087250761322
15.0489952,14.347131,16.415033,16.147770,14.425009,30.5916488408528,-31.2911127256658
