0.0381584,11.428688,17.859790,12.947852,18.157062,-1.47493417332895,1.23506697854685
0.0754464,11.534895,17.830367,12.908429,18.157062,-1.05458520925445,1.03999231943606
0.10552,11.505929,17.820559,12.878862,18.108462,-0.924990295737744,1.08245239119928
0.1367056,11.467308,17.840174,12.947852,18.098743,-1.20179863381069,1.02922394268533
0.1864944,11.515584,17.889212,12.937996,18.108462,-0.842764923872937,1.03258616761795
0.218032,11.486619,17.977480,12.987274,18.020983,-0.491635797283291,0.988184241836017
0.2492096,11.544550,17.899020,12.987274,18.020983,-0.567037476453289,0.738355294850226
0.279232,11.631446,17.997096,12.937996,17.982104,0.418536532790949,0.744643138763621
0.3292224,11.583170,18.026518,12.829584,17.982104,0.729714498980195,1.14103481059752
0.3717184,11.592825,18.075556,12.819729,18.040423,0.77392760764126,1.30487751840004
0.4042064,11.554205,18.085364,12.800017,18.030703,0.772034897074823,1.4362423934994
0.4416736,11.496274,18.095171,12.681750,18.098743,0.772636231599797,1.95207837940978
0.4767584,11.476964,18.144209,12.731028,18.166782,0.469653216436197,2.06103716946071
0.5130928,11.409378,18.212862,12.652183,18.263981,0.409295989865996,2.64178478303887
0.5515728,11.419033,18.310938,12.514204,18.215381,1.45715581363559,3.00752695204886
0.5831152,11.399722,18.399206,12.445214,18.215381,1.95113084410834,3.34046877195373
0.6128176,11.370757,18.389399,12.366369,18.283421,1.84836824400187,3.67356934040972
0.6542192,11.283860,18.389399,12.366369,18.351460,1.29193333233052,3.97366320301992
0.6842768,11.216274,18.418821,12.376225,18.458379,0.742076308808468,4.30741136511973
0.7156368,11.245240,18.330553,12.287524,18.545858,0.52961719436543,4.44374331673608
0.7492304,11.216274,18.438437,12.267812,18.526418,0.955450349992457,4.68577133690135
0.786872,11.158343,18.389399,12.307235,18.497259,0.528368600681499,4.61376083990171
0.818192,11.216274,18.379591,12.346658,18.672217,-0.0459355566798152,4.63148057562795
0.8479056,11.148688,18.330553,12.336802,18.613897,-0.235054569379058,4.6526254102784
0.8891632,11.061792,18.320746,12.287524,18.652777,-0.55416641015406,5.00999360744485
0.9205728,11.061792,18.340361,12.198823,18.720816,-0.409707220776523,5.34372775001118
0.9503024,11.061792,18.448244,12.149545,18.749976,0.0569474418764466,5.65744655496746
0.9842512,10.945930,18.477667,12.179112,18.769416,-0.431861556415687,5.92902848467613
1.0268672,11.061792,18.497282,12.208679,18.769416,-0.0381846358743791,5.61940218142879
1.062888,11.023171,18.409014,12.179112,18.808296,-0.536107696575131,5.70616248727427
1.0941872,11.003861,18.359976,12.248101,18.818015,-1.06200965495036,5.53373697565509
1.1454192,10.994206,18.359976,12.277668,18.779136,-1.0651518565888,5.43104189850445
1.1754864,11.061792,18.281515,12.415647,18.759696,-1.5172623821391,4.81284414181904
1.2055184,11.032826,18.222670,12.395936,18.808296,-1.94153728567209,4.91020823024452
1.2452656,11.013516,18.222670,12.435358,18.788856,-2.08216253550841,4.83534628789131
1.2766128,10.994206,18.144209,12.425503,18.818015,-2.51118705483485,4.83056396917843
1.3080208,11.023171,18.203055,12.405791,18.808296,-2.08392980865179,4.88107135121035
1.3391648,10.994206,18.154017,12.386080,18.837455,-2.40562762955731,4.96454275766288
1.3791744,11.032826,18.203055,12.405791,18.798576,-2.01453499699088,4.84455432402047
1.4090992,10.974895,18.163824,12.435358,18.876335,-2.74571030947924,4.96640221899557
1.4417696,10.965240,18.124594,12.494492,18.818015,-2.93004314963249,4.70936531551174
1.4815888,10.955585,18.173632,12.425503,18.905495,-2.84760203727127,5.09070310072114
1.5104304,10.965240,18.212862,12.395936,18.934654,-2.66491619622076,5.23637308830067
1.5416976,10.916965,18.203055,12.326946,18.963814,-2.74281594762627,5.53627927270982
1.57544,10.945930,18.252093,12.356513,18.963814,-2.55571025401332,5.47169309841169
1.6231424,10.974895,18.203055,12.376225,18.963814,-2.69807971181879,5.28778077251445
1.673168,10.897654,18.291323,12.248101,18.934654,-2.1132387298209,5.85023414071519
1.7190864,10.936275,18.212862,12.326946,18.944374,-2.56757675338343,5.47746261259471
1.7603392,10.936275,18.232477,12.267812,18.944374,-2.29019366395173,5.6432991811804
1.7942784,10.974895,18.320746,12.287524,18.983254,-2.02361881442382,5.69203767292912
1.8356688,10.945930,18.399206,12.267812,18.944374,-1.63825813545824,5.86215384610883
1.8668192,10.936275,18.212862,12.326946,18.915215,-2.46671222000694,5.43507591504378
1.896864,10.994206,18.261900,12.277668,18.788856,-1.46097172656971,5.30239320463006
1.9281104,10.984551,18.212862,12.307235,18.847175,-1.98365273407269,5.26971753801424
1.9779904,11.003861,18.310938,12.326946,18.954094,-1.98841023160915,5.47723606281535
2.0091888,11.042482,18.271708,12.356513,18.837455,-1.6892257078368,5.09309085163684
2.0392592,10.955585,18.340361,12.208679,18.895775,-1.44575740218299,5.82185534154764
2.0902304,10.926620,18.350168,12.188967,18.992974,-1.78558696929279,6.08978528363721
2.1217824,10.936275,18.399206,12.169256,19.002694,-1.53433794131211,6.19784234845871
2.1515024,10.965240,18.467859,12.080555,18.905495,-0.528007598027939,6.29604741272478
2.1917904,10.965240,18.428629,12.149545,18.856895,-0.743447441514934,6.00849782183237
2.2231808,10.955585,18.467859,12.090411,18.866615,-0.462123515105388,6.23958048890572
2.2530016,11.013516,18.467859,12.070700,18.895775,-0.282349219226663,6.19242366270956
2.3066288,10.994206,18.418821,12.080555,18.895775,-0.567867325746401,6.14378448468759
2.344256,10.945930,18.428629,12.060844,18.886055,-0.606610731414819,6.30269544683291
2.3756416,10.994206,18.438437,12.159400,18.827735,-0.533479296336893,5.89011825906974
2.4055344,11.013516,18.536512,12.218534,18.866615,-0.444521404200581,5.90553355010438
2.4456752,11.013516,18.418821,12.188967,18.740256,-0.332230072499542,5.6212289872086
2.4769072,11.042482,18.399206,12.307235,18.730536,-0.676864024612312,5.23702546671687
2.507824,11.071447,18.359976,12.297379,18.672217,-0.476711844607484,5.05057574296451
2.5479552,11.042482,18.212862,12.405791,18.672217,-1.50376267615995,4.65141228239122
2.5792288,11.090757,18.281515,12.405791,18.604178,-0.835265410088851,4.54087107631713
2.6102928,11.071447,18.291323,12.415647,18.594458,-0.870740486332219,4.56281154114778
2.6417904,11.119723,18.340361,12.484637,18.555578,-0.617810122859523,4.3077045129797
2.6807056,11.167999,18.330553,12.445214,18.526418,-0.237355650414137,4.23002450399893
2.7117408,11.187309,18.301130,12.455070,18.565298,-0.444545726753865,4.17695538505328
2.7416128,11.177654,18.281515,12.435358,18.555578,-0.44929220622585,4.20120830692441
2.7831696,11.148688,18.271708,12.464925,18.613897,-0.898096790296724,4.27124166763777
2.814264,11.148688,18.271708,12.405791,18.545858,-0.454542961378321,4.30710616582822
2.8440704,11.090757,18.261900,12.425503,18.555578,-0.806710688884253,4.39505755149765
2.8754128,11.110068,18.261900,12.455070,18.594458,-0.974286773952853,4.33969181932346
2.93304,11.090757,18.301130,12.445214,18.740256,-1.37348011217316,4.67826076840378
2.97552,11.052137,18.252093,12.484637,18.691657,-1.66468111077531,4.53340515098563
3.0241776,11.042482,18.242285,12.425503,18.672217,-1.46362048039808,4.64908788432023
3.0567136,11.061792,18.301130,12.455070,18.740256,-1.51429111919027,4.72225494212115
3.0877616,11.100413,18.359976,12.386080,18.652777,-0.611960109255374,4.75035448586791
3.123112,10.916965,18.350168,12.336802,18.730536,-1.42305064296222,5.38808308277185
3.1591008,10.955585,18.379591,12.257957,18.827735,-1.23576649704931,5.66552535378075
3.1892928,10.887999,18.428629,12.188967,18.847175,-1.13163405921598,6.08264064606025
3.2230224,10.955585,18.526705,12.169256,18.944374,-0.791850187022586,6.25232703598938
3.2703184,10.868689,18.546320,12.041133,18.963814,-0.660470037988639,6.81031773624841
3.3016496,10.868689,18.497282,11.981999,19.090173,-1.07522927858581,7.05941255922912
3.3315696,10.801103,18.575743,11.972143,19.041573,-0.831498007047307,7.28387007852713
3.374128,10.772137,18.614973,11.863731,19.177652,-0.890160561979948,7.85617252413201
3.4043072,10.810758,18.595358,11.883442,19.177652,-0.888892783414946,7.6909090963697
3.4367968,10.685241,18.624781,11.784886,19.284571,-1.27204882524318,8.41270067603632
3.4642944,10.665930,18.742471,11.725752,19.333170,-0.872919469908829,8.83175367143486
3.5168112,10.675586,18.771894,11.755319,19.313731,-0.7645420975516,8.75263118137011
3.54688,10.588689,18.722856,11.627196,19.440089,-1.25886366660684,9.37184800453979
3.5955216,10.588689,18.811124,11.568062,19.498409,-0.930797251074775,9.71615684895869
3.6281408,10.617655,18.771894,11.577917,19.440089,-0.799694277950042,9.4884075657879
3.6578912,10.598344,18.820932,11.538495,19.478969,-0.688439081295803,9.75043384232032
3.6893456,10.501793,18.869970,11.499072,19.556728,-0.996893329436872,10.2507967522117
3.730784,10.501793,18.909200,11.489217,19.595608,-0.953559952118629,10.3815990760172
3.7603552,10.540413,18.909200,11.528639,19.605328,-0.982482958890599,10.207955310287
3.7916992,10.482483,18.830740,11.331526,19.615048,-0.831588074450964,10.7266792831269
3.8229936,10.443862,18.938623,11.292104,19.644207,-0.540409933910593,11.1024071653388
3.8629968,10.501793,18.987661,11.213259,19.770566,-0.313307717770245,11.3911419178702
3.894152,10.453517,19.026891,11.213259,19.906645,-0.820561713255744,11.744395263235
3.924072,10.385931,19.017084,11.075280,19.848325,-0.420409979406085,12.1514787667139
3.9641392,10.308690,19.075929,11.055568,19.916365,-0.657043235627198,12.557946909599
3.9956528,10.414896,19.193620,10.996434,19.906645,0.404959108928215,12.5873650873948
4.0267872,10.356965,19.193620,10.966868,19.955244,0.12644051612579,12.8653646492279
4.0565584,10.385931,19.213235,10.927445,19.906645,0.612610281720592,12.8523459392896
4.0967968,10.385931,19.262273,10.927445,19.994124,0.485177551353132,13.0335808967295
4.127968,10.366621,19.252465,10.828889,19.984404,0.758416087075998,13.2958678265299
4.160392,10.347310,19.301503,10.750043,20.003844,1.07579106538024,13.6270817074274
4.2156112,10.299035,19.330926,10.720476,20.042723,0.974195606816957,13.9083782499148
4.2504352,10.212138,19.134775,10.789466,20.149642,-0.681234804183223,13.8350745193
4.2817376,10.221793,19.232850,10.769755,20.246841,-0.555444266488947,14.1162701433484
4.331632,10.134897,19.154390,10.730332,20.334321,-1.33186418229892,14.4396431488098
4.3631792,10.115587,19.105352,10.759899,20.460679,-2.12597985019593,14.5151641309962
4.403192,10.144552,19.056314,10.779610,20.480119,-2.33578982547673,14.3564507698557
4.4539936,10.067311,19.017084,10.759899,20.518999,-2.83416226181842,14.5954596323665
4.4855936,10.076966,18.869970,10.838744,20.557878,-3.7522800967555,14.2353472223169
4.5153824,10.125242,18.869970,10.907734,20.518999,-3.67578728026668,13.8953732836666
4.5568256,10.105931,18.811124,11.075280,20.596758,-4.807558831408,13.5565078552229
4.5882112,10.096276,18.722856,11.104847,20.528719,-5.04268220048214,13.3015738525007
4.6182096,10.057656,18.732664,11.094991,20.412080,-4.71791469548568,13.2789202691546
4.6543392,10.096276,18.850355,11.055568,20.344041,-3.76369681796319,13.3466960786642
4.6916608,10.096276,18.997468,11.006290,20.217682,-2.60940088166104,13.4951759695239
4.7204592,10.134897,19.036699,10.819033,20.159362,-1.46659723870552,13.8361586850899
4.7516272,10.115587,19.164197,10.612064,19.964964,0.344591628411099,14.3090450827108
4.793056,10.202483,19.448617,10.424807,20.013564,2.20017444923973,14.9955457678081
4.8241936,10.212138,19.713422,10.424807,20.101043,2.88680754222766,15.4277357044513
4.8642816,10.279724,20.007649,10.365673,20.246841,3.88079725030548,15.9692817836947
4.9068288,10.144552,20.007649,10.178416,20.159362,4.37247933755999,16.660813514915
4.9355888,10.096276,19.880150,10.237550,20.101043,3.73668969163378,16.3975645216674
4.9667648,10.057656,19.576115,10.385385,20.499559,0.560729133503707,16.2448221937018
4.9981664,9.951449,19.056314,10.464230,20.557878,-2.22813185208418,15.7215629040726
5.0467232,10.009380,18.320746,10.799322,20.966114,-7.33935349646557,14.3152112385179
5.0814128,10.057656,17.346233,11.341382,22.560179,-17.9098292776747,13.6777595152507
5.1092944,9.671449,15.242080,12.110122,24.202843,-35.2723035496241,12.1506208884274
5.1491632,8.715589,13.405909,13.381500,26.904976,-57.9795906426996,12.5334904104418
5.190336,6.774902,12.254580,14.150240,29.509911,-80.0258629399874,17.1585267240248
5.2203696,4.158355,11.073476,15.096382,32.202324,-105.988730230481,23.0555588080803
5.2616688,3.839735,10.666540,15.244217,31.959327,-109.676968863911,22.7528345642029
5.2916224,3.714218,9.932072,15.835556,30.511061,-112.970948621839,18.964614693637
5.322992,3.820425,9.197604,16.555017,28.994756,-115.219203588553,13.9424901594782
5.3557056,4.119735,9.296856,17.364387,29.101675,-114.45051892437,11.4628938042471
5.3942336,4.409389,9.465585,18.233082,29.684869,-114.237561790091,9.71764354405488
5.4242832,4.679734,9.316707,18.779677,28.848957,-113.11928166005,6.4675823304857
5.469064,5.143181,8.602089,19.716697,26.166263,-111.649827399023,-1.7939835210476
5.5217264,5.548698,9.048725,19.716697,25.971865,-106.618320451111,-2.29051530906656
5.5570768,5.886628,8.979248,20.097361,25.670548,-105.302630296597,-4.44453153804815
5.5881232,5.954214,8.969323,19.667893,24.834636,-102.724984413896,-5.04180622065213
5.6382,6.050766,9.415959,19.716697,26.078784,-102.144828464167,-2.63641552317235
5.6692976,5.925249,9.167828,19.541005,25.515030,-102.811637016046,-3.26932701370836
5.6993056,6.050766,8.999099,19.501963,24.552759,-101.20806356695,-5.30886695704636
5.7404736,6.243869,9.396109,19.921670,25.728868,-100.971340575572,-4.07296009734216
5.7704192,6.118352,9.217454,19.736218,25.359511,-101.580226212293,-4.28325291813062
5.8003952,5.867318,9.247230,18.916326,25.485870,-101.500999687508,-1.68000038058622
5.8382208,5.857663,8.741042,19.296990,24.931836,-104.009561071486,-4.23026419302048
5.8716496,5.403870,8.572313,19.326272,26.312062,-109.949666644277,-1.31966552845141
5.912936,5.259043,8.800594,19.697175,26.895256,-111.0904408207,-0.551538544130914
5.957984,5.336284,9.415959,20.029037,28.450441,-110.442482365579,1.80064119408787
5.994616,5.307319,9.415959,19.677654,28.431001,-109.999318563426,2.59886548935614
6.0241984,5.297664,9.356408,19.394596,28.042205,-109.270958305088,2.59163914167855
6.0540672,5.384560,9.028874,20.029037,27.361812,-110.482985261331,-0.489864900863687
6.1116352,5.403870,9.157903,20.360898,27.779768,-110.905065563011,-0.423884214196796
6.1468,5.249388,8.780743,20.282813,27.274333,-112.822056023785,-1.25928646041906
6.1778624,5.471456,8.879996,20.741562,27.177133,-111.669453307533,-2.71552565444884
6.2292896,5.963869,8.850220,20.878211,25.913546,-107.341695988718,-6.07859045260588
6.2592624,6.031455,8.850220,20.526828,25.446990,-105.576980723755,-6.24020657467616
6.2904512,6.176283,8.453210,20.887971,24.406961,-105.75399597228,-9.71133212377143
6.3418016,6.543179,8.671565,21.688342,24.552759,-104.264660359602,-11.4758594981266
6.3719136,6.591455,8.899846,21.698103,25.203993,-103.956217755873,-10.1140926195628
6.4016576,6.398351,8.879996,21.239354,25.320632,-104.482357345655,-8.63860499737713
6.4430208,6.456282,8.304331,21.639539,24.086204,-105.797412858091,-12.6431185605313
6.473152,6.620420,8.195154,22.313022,23.707128,-106.013050795242,-15.1741577455975
6.5042528,6.581799,8.056200,22.244698,23.551609,-106.584912463448,-15.4909458622845
6.5356832,6.504558,8.135602,22.195895,23.668248,-106.690781302205,-14.8901542805299
6.574216,6.485248,8.274556,22.254458,24.261162,-107.163839186407,-13.6751640553218
6.6056848,6.379041,8.234855,22.195895,24.261162,-107.849136737219,-13.4180539872889
6.6356624,6.330765,8.175303,22.420389,24.338921,-108.940038814639,-13.7353019236807
6.679264,6.263179,8.324182,22.225177,24.786037,-108.923165315485,-12.1838163737719
6.7078944,5.954214,8.373808,21.834752,25.398391,-110.684952811304,-9.65761037220979
6.7391744,5.635594,8.215004,21.395524,25.816347,-113.247359159334,-7.66844266443334
6.7857216,5.345939,8.175303,21.541933,26.885536,-116.954526386964,-5.69730672411578
6.8204288,4.853526,7.897396,21.229593,27.702008,-121.954182959268,-3.14971723092534
6.8506544,4.718354,7.817994,21.249114,27.750608,-123.251010972924,-2.95067118020409
6.8841792,4.641113,7.708816,21.463848,27.546490,-124.313773715373,-3.73722048180705
6.9267168,4.660423,7.688966,21.317439,27.332652,-123.802153612469,-3.83587239732937
6.9540464,4.853526,7.907321,21.044141,26.934136,-120.493173001573,-3.95104937574105
6.984224,5.046630,8.175303,20.682998,26.623099,-116.87744174217,-3.65710652613988
7.0142544,5.288008,8.443285,20.780604,26.671698,-114.2861290875,-3.88186205047096
7.066528,5.355595,9.157903,19.775260,27.429851,-109.640798848941,0.424493767910821
7.095376,5.423181,9.078501,19.257947,26.788337,-107.756648074515,0.323046318093166
7.129208,5.510077,9.118202,19.482442,26.632819,-107.188119715902,-0.546521172582107
7.1669248,5.374905,8.929622,19.726457,26.817497,-109.671787428479,-0.792571578231819
7.2004656,5.249388,8.750967,19.814303,26.691138,-111.272028565962,-1.18331360207079
7.230544,5.432836,8.780743,20.019276,26.671698,-110.412094625125,-2.01903198718704
7.2704176,5.423181,8.750967,20.185206,26.564779,-110.724815309843,-2.57324773042968
7.300376,5.954214,8.542537,21.141747,25.378951,-108.589577791996,-7.98520764572984
7.3342928,6.263179,8.552463,21.532172,24.737437,-106.44332337743,-10.4832926988082
7.3631696,6.456282,8.681491,21.746906,24.416681,-104.538191159959,-11.6344330782902
7.4192672,6.610765,8.810519,21.512651,24.290322,-102.398444628497,-11.469461736762
7.45316,6.794213,9.009024,21.014859,24.086204,-99.10997942993,-10.8428940814519
7.4941536,6.900420,8.929622,21.327199,23.775167,-98.971326529991,-12.3610101766738
7.5254176,7.025937,8.939547,21.629779,23.658528,-98.6041080304494,-13.4002989930974
7.5568656,6.948695,8.850220,21.356481,23.337771,-98.3773199243301,-13.4202576720096
7.5882224,7.151454,8.691416,21.922597,22.803176,-98.2040128253389,-16.1816106846525
7.6416256,7.286626,8.770818,22.147092,22.929535,-97.7317602896735,-16.51074398888
7.6692976,6.987316,9.018949,21.336960,23.697408,-97.9207085163766,-12.5347746143737
7.6991984,6.881109,9.058650,20.946535,23.726567,-97.5944865591048,-11.4133130327037
7.7403936,6.803868,9.078501,20.614674,23.833486,-97.4735075318046,-10.3570997374484
7.7705328,7.006626,9.028874,21.190551,23.794607,-97.6760867566013,-12.0945088810423
7.8003808,6.871454,8.959398,21.053902,23.784887,-98.478327715616,-11.6825566514535
7.8343328,6.832833,8.929622,21.053902,23.833486,-98.9297531476174,-11.5716261007716
7.8842336,6.996971,8.889921,21.405284,23.882086,-99.0136711043253,-12.5943043880807
7.9129152,6.263179,9.177753,20.331616,26.069064,-103.34964888615,-4.78815986638809
7.9442448,6.012145,8.770818,20.487786,26.059344,-107.093299920555,-5.25327896930156
7.9956048,6.311455,8.016499,23.113393,24.902676,-111.950907165757,-14.3478640311178
8.0292944,6.369386,7.559938,23.864961,24.319482,-114.360897691289,-17.718192137343
8.0677328,6.128007,7.023974,24.187062,23.473850,-117.818573366127,-20.394868316752
8.1079136,6.108697,7.252255,23.591664,23.464130,-115.706885417938,-18.820331436634
8.140208,6.243869,7.480536,23.318366,23.454410,-113.232838178147,-18.1507464512849
8.1692448,6.330765,7.470610,23.328127,23.250292,-112.489884075567,-18.7323348259287
8.2104688,6.234214,7.460685,22.791293,23.289172,-112.260388272082,-17.4488839769421
8.2416816,6.475593,7.817994,23.376930,23.950125,-111.024198894325,-17.1935519289322
8.2819728,6.417662,7.788218,23.289084,23.901526,-111.276059926791,-17.0554639255972
8.3154928,6.408007,7.698891,23.328127,23.687688,-111.528508276863,-17.6592154769597
8.3530528,6.427317,7.609564,23.523339,23.415530,-111.784851616094,-18.7286971972108
8.383192,6.427317,7.609564,23.679509,23.415530,-112.03949406821,-19.0250576553694
8.414208,6.359731,7.301881,23.972328,23.328051,-114.427807967405,-20.1804329139834
8.4543424,5.905938,6.964423,23.904004,23.843206,-119.528484189327,-18.8611692759744
8.48572,5.819042,7.043825,24.128498,23.920965,-120.026638106049,-18.8336352174689
8.5157232,5.819042,7.073600,24.040652,23.979285,-119.815350425073,-18.5043637718588
8.5503424,5.934904,7.143077,24.079695,24.261162,-119.264150292268,-18.1581388767844
8.5878672,5.751456,7.480536,23.328127,25.165113,-118.641434229251,-14.1513136501895
8.617824,5.722490,7.371358,23.357409,25.029035,-119.244557812588,-14.5804281977974
8.6490352,5.683870,7.222479,23.699031,24.737437,-120.361387383922,-15.9483136067951
8.6904768,5.693525,7.123227,23.864961,24.649958,-120.97738610531,-16.6208992271819
8.74044,5.606629,6.835395,23.884482,24.329201,-122.644042725861,-17.5922131888046
8.7719968,5.645249,6.626964,24.528683,23.775167,-123.741071954721,-20.3080080356504
8.8217728,5.741801,6.497936,25.085039,23.901526,-124.902381652452,-21.533216277526
8.8569296,5.674215,6.448310,25.065518,23.833486,-125.443626800676,-21.5929753147012
8.8853968,5.664560,6.666665,24.597008,23.930685,-123.728924268426,-20.1084778003818
8.924064,5.664560,6.805619,24.177301,24.348641,-122.939866421927,-18.2846250586544
8.9652368,5.770766,6.845320,24.499402,24.416681,-122.684304864705,-18.8999043298358
8.9955888,5.568008,7.063675,24.060174,25.019315,-122.832384262439,-16.2026565946613
9.0293568,5.490767,6.964423,23.669749,24.873516,-123.049651986639,-15.7336257858983
9.0689904,5.345939,7.103376,23.503818,25.019315,-123.053655585562,-14.6180683837204
9.1002896,5.326629,7.023974,23.494057,25.242872,-123.919905032637,-14.3063255568434
9.129184,5.143181,6.785768,23.523339,25.242872,-126.362052966873,-14.4225975224949
9.1816,5.036974,6.894946,23.425733,25.864946,-127.074196056313,-12.7358567145867
9.2117696,4.863182,7.023974,22.966984,26.584219,-127.686041610848,-10.016224991123
9.2415248,4.795595,7.182778,22.771771,26.613379,-126.940210870016,-9.1657324995474
9.284152,4.911457,7.351507,22.605841,26.370381,-124.756359149479,-9.18728682173658
9.3242608,5.181802,7.798144,21.942118,26.798057,-120.401989006097,-6.93580420639286
9.3693008,5.355595,8.006574,21.600497,26.555060,-117.412069338597,-6.64344579103415
9.4143216,5.510077,8.105826,21.864034,26.282902,-116.006468032767,-7.79008997718776
9.4456736,5.693525,8.224929,22.205655,26.175983,-114.72685505634,-8.84024887785116
9.4752064,5.780421,8.274556,22.303262,26.312062,-114.35504035983,-8.90834139429471
9.5168496,5.751456,8.026424,22.488713,26.234303,-116.011533763734,-9.75612210378593
9.5480944,5.355595,7.837845,22.166613,26.720298,-119.441300202663,-7.81716406141977
9.5780928,5.259043,7.947022,21.785949,27.128534,-119.412838761951,-6.00023865544124
9.6092112,5.036974,8.026424,21.493130,27.478451,-120.281671166568,-4.24476923417804
9.6492944,5.114216,8.115752,21.180790,27.167414,-118.433992125229,-4.09763363727897
9.6792944,5.548698,8.215004,21.805470,26.341222,-115.200276353214,-7.47580100984839
9.7092128,5.838352,8.244780,21.854273,25.310912,-111.901461424462,-9.82467943601
9.7506528,5.954214,8.085976,21.678582,24.922116,-111.210790802248,-10.6323379519205
9.7828912,6.070076,7.788218,21.551694,23.668248,-109.892217819342,-13.3378603868025
9.8116704,6.060421,7.827919,21.366242,23.396091,-108.929945398315,-13.3565136802307
9.8428816,6.050766,7.897396,21.219832,23.707128,-108.880871835177,-12.3456747605052
9.8831616,6.185938,8.254705,21.766427,24.494440,-108.454375819889,-11.728907328575
9.9130608,6.350076,8.324182,22.273980,24.630518,-108.279138287756,-12.7201917291158
9.9491888,6.282490,8.274556,22.234937,24.513880,-108.64769408158,-12.7953998750797
9.9969104,6.369386,8.363883,22.225177,24.562479,-107.766806027155,-12.7105160558414
10.0254656,6.253524,8.413509,21.795709,24.523600,-107.328112289822,-11.6006984344824
10.05536,6.321110,8.433360,21.893315,24.280602,-106.607673405092,-12.3186097187649
10.0852048,6.533524,8.016499,22.332543,23.094774,-106.420983969072,-16.4699595879594
10.1266688,6.707316,7.837845,22.713208,22.385221,-105.86848827834,-19.2035221652095
10.1581056,6.823178,7.718742,23.191478,22.249142,-106.488582782456,-20.8263565487714
10.1878704,6.939040,7.460685,23.679509,21.685387,-107.1360289755,-23.5461866695652
10.2416768,7.141798,7.321732,24.548205,21.393790,-107.785575502498,-26.3510355475235
10.277904,7.112833,7.559938,24.753178,22.219982,-108.40202017898,-24.5952084303051
10.3357568,6.939040,7.569863,24.226104,22.375501,-108.660131218831,-23.0129301110026
10.3703984,6.494903,7.649265,23.103633,22.492139,-108.945226768721,-19.7015211580061
10.4116096,6.427317,8.244780,22.449671,24.008445,-107.537328535112,-14.4412140025883
10.4444608,6.195593,9.346482,21.483369,25.631669,-104.057817743178,-7.45712620651593
10.4830352,6.321110,10.249680,19.706936,24.717998,-93.8296280972886,-4.02943848272334
10.5128864,7.402488,11.788093,18.194039,24.786037,-77.8066722763454,-0.608243166873535
10.5442128,8.300417,12.046150,17.139892,23.823766,-67.7668403404165,-1.34469082517024
10.59168,9.632829,11.877421,16.983722,23.055894,-60.1398693033779,-5.33351217804026
10.6356608,11.525239,10.954373,16.622579,21.860346,-51.7968669108221,-12.0103555564503
10.669288,12.036963,10.279456,16.417038,21.267431,-50.4155508797352,-14.861065588478
10.7069264,12.558341,10.686391,15.835556,19.906645,-40.8328326562538,-16.4873366701497
10.738192,13.359719,13.812844,14.997826,19.760846,-21.4829347881625,-11.1358355364156
10.768192,13.533512,15.688716,14.416343,19.527569,-11.1467436091229,-7.6232679367702
10.8031728,13.639719,16.839802,13.184387,17.855745,3.06377425998979,-6.15116023419131
10.8417472,12.905927,20.184185,11.272392,15.203526,29.076774352941,0.715548211226029
10.8717008,12.510065,22.224161,10.661343,14.772862,38.5003205627304,5.45767257344584
10.9040144,12.567996,23.302995,10.395240,14.156230,45.5957067989926,6.61234519944947
10.9529152,13.060409,23.469723,10.503652,13.637476,49.2457397969745,4.70980448240409
10.9831264,14.006615,22.645887,10.986579,12.785937,51.1850648795791,-1.04356810958429
11.0166464,14.305924,22.410505,11.163980,12.482515,51.9138121399109,-2.94118832771642
11.062784,15.107302,21.567054,11.430083,11.826732,53.5072461583147,-7.69534052655382
11.0941568,15.541784,20.978599,11.577917,11.699490,52.9833388537744,-10.1408139561282
11.125216,16.024542,20.586296,11.646907,11.611400,53.3223713529765,-12.1187969245823
11.1655424,16.449369,20.350914,11.765175,11.503734,53.8061493601332,-13.8292305173082
11.1968176,16.368027,19.733037,12.100267,11.464583,50.524804247175,-15.5227066261666
11.2318,16.531319,19.213235,12.435358,11.366705,48.4572720534019,-17.6489257686763
11.2716832,16.531319,19.115159,12.573337,11.650551,46.3424358416396,-17.57462626718
11.308016,16.646584,18.526705,13.105542,11.807156,42.0073286342554,-19.6337484090398
11.3392176,16.540925,18.281515,13.154820,11.856095,40.538534364599,-19.8955794864021
11.3703344,16.512108,17.928443,13.391356,11.914822,38.1362630790578,-20.8523262942077
11.4206416,16.569741,17.820559,13.549046,11.914822,37.3246996033203,-21.4677080021842
11.451728,16.358422,17.751906,13.509624,12.061639,36.012859242761,-20.8415644199016
11.4831616,16.642472,17.761714,13.539191,12.169305,36.3548142037696,-21.2127929272066
11.5344128,16.729369,17.751906,13.647603,12.071427,36.5485829755532,-21.7858744730995
11.5656272,16.603852,17.859790,13.420923,12.276971,36.5814929150245,-20.5252598871007
11.5956704,16.565231,17.899020,13.499768,12.345486,35.9772917478755,-20.398150051926
11.6439872,16.304542,18.134402,13.312511,12.521666,35.9448526846553,-18.7722784559026
11.6753824,15.802474,18.556127,12.800017,13.304691,34.5912629020471,-14.5940780459451
11.7054544,15.512819,18.732664,12.701461,13.745142,32.8567406933289,-12.7291361774056
11.7380608,15.059027,18.869970,12.543771,14.234533,30.5381462259258,-10.4060121526066
11.7768064,14.759717,18.958238,12.455070,14.537955,29.0182973914223,-8.94255549511536
11.8082032,14.460407,18.820932,12.248101,14.606469,28.1741930272844,-8.00041614584462
11.8380288,14.161097,19.007276,12.090411,14.939255,27.1143122638288,-6.1650169767794
11.8816624,14.035580,19.193620,11.981999,15.144799,26.9263046874507,-5.02111578365203
11.9202304,13.639719,19.389771,11.765175,15.555887,25.5149490700243,-2.71530338004623
11.95156,13.398340,19.517270,11.568062,15.800582,24.9576058945691,-1.16244379452256
11.9903456,13.118340,19.693806,11.439938,16.094216,23.9721448359498,0.476610732993592
12.0216112,12.857651,19.811497,11.183692,16.572718,22.6386367385124,2.54883410577652
12.052712,12.645238,19.860535,11.085135,16.903194,21.2039831766404,3.82365393769717
12.0855488,12.481100,19.919381,10.996434,17.058713,20.5979228160525,4.72027929712501
12.1352672,12.307307,19.988034,10.917589,17.253111,19.8050477566492,5.68815250365214
12.1642352,12.181790,20.007649,10.897878,17.447509,18.7847542252668,6.33465398445223
12.1954944,12.017652,20.046879,10.838744,17.505828,18.3686301253439,6.99642803901754
12.235704,11.853515,20.154762,10.799322,17.622467,17.8858266200925,7.79437587293437
12.2669456,11.747308,20.262646,10.690909,17.875185,17.3451032710555,8.80814133136241
12.2992864,11.612136,20.272453,10.562786,18.040423,16.7815082021684,9.67737977968633
12.3332032,11.370757,20.331299,10.405096,18.409779,15.3656010600464,11.2211268427362
12.380576,11.110068,20.429375,10.178416,18.954094,13.6255060357986,13.2622398650897
12.4103616,10.733517,20.478413,9.813757,19.333170,12.4435938721293,15.6471111946905
12.4417808,10.665930,20.429375,9.902458,19.449809,11.2795730253717,15.6813814429823
12.4916816,10.617655,20.341106,9.971448,19.420650,10.6568620203936,15.4788006113718
12.5415648,10.617655,20.272453,10.010870,19.595608,9.63042632980305,15.5175946609987
12.5917312,10.675586,20.056687,10.188272,19.576168,8.50026997949968,14.630835436624
12.6231808,10.665930,20.066494,10.286828,19.673367,7.79134346290264,14.5506787392391
12.6531712,10.656275,19.948803,10.345962,19.634487,7.26876871048786,14.2253445745115
12.6893296,10.762482,19.880150,10.434663,19.585888,7.25681936498042,13.5939684843051
12.7242768,10.723861,19.683999,10.513508,19.449809,6.63087790178344,13.0567110171748
12.7556816,10.791448,19.595731,10.523364,19.420650,6.6269894204625,12.7108892405364
12.7856816,10.868689,19.487847,10.552930,19.265131,6.97403832590455,12.0965745226759
12.8257024,10.868689,19.340734,10.690909,19.031853,6.79469733841417,11.2433627408298
12.8569072,11.042482,19.399579,10.769755,18.915215,7.76274754463425,10.5511538459121
12.886952,11.254895,19.321118,10.828889,18.837455,8.30586689673506,9.68176735570874
12.9191248,11.361102,19.242658,10.966868,18.818015,7.9724442794214,8.9622991575187
12.9580064,11.592825,18.869970,11.292104,18.545858,7.28004310620156,6.73354396517912
12.9891904,11.776273,18.673818,11.430083,18.351460,7.4397511530963,5.41751684594766
13.0204688,11.921101,18.497282,11.528639,18.244541,7.35737703249096,4.43712050432249
13.0589968,12.036963,18.350168,11.725752,18.098743,7.05972496252548,3.28159315357142
13.0902736,12.191445,18.104979,12.031277,17.826585,6.61509932397197,1.45227806987151
13.1202064,12.201100,18.114787,12.218534,17.894625,5.76299734659317,1.12676735640583
13.1693952,12.201100,18.095171,12.218534,17.875185,5.76283845080891,1.06718200072087
13.2128624,12.432824,17.712676,12.602904,17.632187,4.71544229018479,-1.2735696026809
13.2443264,12.490755,17.594985,12.671894,17.564148,4.49723519704622,-1.84546105921125
13.294192,12.606617,17.447871,12.869007,17.525268,3.81971911263051,-2.82614759850549
13.3257696,12.616272,17.212489,13.135109,17.437789,2.36944305168126,-3.94199154615261
13.3554736,12.606617,17.026146,13.292799,17.389190,1.2704786255125,-4.64165283330573
13.3894048,12.683858,16.908455,13.440634,17.340590,0.773234912223397,-5.39632061963625
13.4266816,12.664548,16.829994,13.529335,17.301710,0.240158940594587,-5.73700022691355
13.4592576,12.799720,16.692688,13.667314,17.301710,-0.250779777822289,-6.54462034147815
13.4881536,12.819030,16.722111,13.775726,17.321150,-0.517865433841514,-6.73420875298452
13.5279616,12.886616,16.692688,13.923561,17.301710,-0.823927279849046,-7.26806087764308
13.5591152,12.973513,16.594612,13.982694,17.214231,-0.766578801204898,-7.88137949697032
13.589184,12.934892,16.467114,14.071395,17.194791,-1.6158192952227,-8.23106668752219
13.6217072,12.905927,16.369038,14.081251,17.107312,-1.81528619258084,-8.50255467380359
13.6705664,12.992823,16.535767,14.160096,17.068433,-1.02082793456444,-8.63277457344183
13.7016624,13.002478,16.633842,14.219230,17.058713,-0.797932199974005,-8.62738288879936
13.7319696,13.031444,16.692688,14.238941,16.971234,-0.243240563830533,-8.7760038165142
13.7869408,13.041099,16.584805,14.357209,16.689356,-0.0327237618631404,-9.69707979527221
13.8231808,13.012133,16.731918,14.189663,16.611597,1.25627847547978,-9.17329744265415
13.8569408,13.050754,16.829994,14.140385,16.611597,1.92578451619257,-8.98553276704099
13.904184,12.876961,16.751533,14.022117,16.592157,1.49399304358302,-8.5420430803398
13.9342384,12.876961,16.800571,13.903849,16.640757,1.91953057914531,-8.12915870235782
13.9655904,12.790065,16.928070,13.706736,16.844875,2.04267929800306,-6.97466417013074
14.0056752,12.722479,17.075183,13.539191,17.068433,2.13368048167599,-5.86224170157752
14.03696,12.442479,17.290950,13.194243,17.175352,2.74511911754378,-3.99001754841752
14.0677232,12.403859,17.438064,13.115398,17.272551,3.07395592938063,-3.34053277642588
14.0979264,12.432824,17.389026,13.006986,17.253111,3.45749746004327,-3.27688827666062
14.1391904,12.394203,17.742099,13.036553,17.534988,3.48450600039738,-2.24756637905935
14.169272,12.461790,17.536140,13.085831,17.311430,3.60518583387048,-3.18317972667941
14.2003344,12.461790,17.320373,13.115398,17.194791,3.13431180219086,-3.78140473398801
14.2518096,12.432824,17.290950,13.115398,17.010113,3.58342962637024,-4.06518412354242
14.2816288,12.519720,17.536140,13.095687,17.272551,3.9174307766905,-3.39282105172322
14.3116816,12.490755,17.496909,13.026697,17.048993,4.71938975527321,-3.60150101378114
14.34568,12.461790,17.487102,13.006986,17.039273,4.68531780301968,-3.52663225327528
14.3854496,12.374893,17.585177,12.967563,17.301710,3.92522158586415,-2.67209545109835
14.4143296,12.384548,17.889212,12.849295,17.428069,5.0237945545128,-1.75330799258411
14.469384,12.336273,18.046133,12.711316,17.651627,5.10604665375928,-0.750425073172259
14.5053008,12.210755,17.967673,12.553626,17.729386,4.66218703988874,-0.123907208981642
14.5368096,12.133514,18.075556,12.405791,17.972384,4.43240840340324,0.917001525101732
14.5677216,11.921101,18.183440,12.287524,18.089023,4.06299929172418,2.00150582541647
14.6191488,11.737653,18.124594,12.149545,18.147342,3.47250363285043,2.73129671031026
14.6481856,11.776273,18.144209,12.149545,18.176502,3.57925949237237,2.71646631013426
14.6779808,11.727998,18.301130,12.169256,18.332020,3.34794138174355,3.24870279135874
14.7293584,11.737653,18.389399,12.139689,18.477819,3.28864235349233,3.64078393197003
14.7594752,11.621791,18.379591,12.060844,18.448659,3.21869039118883,4.02833238122783
14.7916624,11.505929,18.399206,11.952432,18.516698,3.01421439187822,4.67336436125048
14.831624,11.370757,18.585550,11.784886,18.662497,3.27655770149163,5.85915974342737
14.8630224,11.332136,18.585550,11.735608,18.808296,2.79433236019845,6.274325274101
14.8928496,11.206619,18.556127,11.706041,18.818015,2.30269059718328,6.60863978828894
14.926688,11.100413,18.507090,11.686330,19.061013,0.947937360063105,7.18200529853414
14.964168,10.907309,18.546320,11.656763,19.255411,-0.194341920684198,8.03865045797304
14.995752,10.945930,18.624781,11.577917,19.333170,0.23868029494501,8.35373308902158
15.0255424,10.839723,18.644396,11.558206,19.459529,-0.451216307260401,8.85639914750884
