0.053088,10.456710,18.359976,12.676751,18.905495,3.81709263228601,-14.5129968020329
0.0917568,10.427731,18.281515,12.657041,18.992974,3.18212817749415,-14.38647296293
0.126384,10.418071,18.281515,12.686606,18.992974,3.0449571889592,-14.4328913188733
0.1678864,10.379432,18.359976,12.627476,19.119333,2.96577100073861,-13.9099423660377
0.195392,10.369772,18.409014,12.568345,19.109613,3.34809810559528,-13.6927909757335
0.2275792,10.331133,18.438437,12.597911,19.129052,3.14656809328802,-13.6016981268192
0.2664848,10.360112,18.418821,12.558490,19.080453,3.48175365786162,-13.6747971125935
0.2964272,10.418071,18.281515,12.568345,18.992974,3.44886615730133,-14.1566640727917
0.3279904,10.418071,18.252093,12.637331,18.963814,3.20189289113761,-14.4026181892487
0.3618272,10.398751,18.271708,12.696462,19.109613,2.5050523100691,-14.2567436256719
0.4004928,10.398751,18.212862,12.696462,19.061013,2.44832897682203,-14.4117114207558
0.4316016,10.447050,18.203055,12.696462,19.051293,2.62651948786658,-14.5524871685571
0.4616592,10.456710,18.124594,12.745737,19.070733,2.13356745772276,-14.7750901173153
0.5065152,10.533988,18.114787,12.785158,18.944374,2.68349645199441,-15.2440075813365
0.55532,10.611266,18.046133,12.972405,18.827735,2.47601102715997,-16.1261915404994
0.5841584,10.649905,17.899020,12.942839,18.594458,2.96267644498097,-16.7102473268721
0.6241152,10.756163,17.938250,12.893564,18.652777,3.48066555783896,-16.6962639703841
0.6552448,10.688545,18.046133,13.001970,18.886055,2.46879373699841,-16.2857156108565
0.6867552,10.727184,17.977480,13.011825,18.895775,2.28972828349951,-16.4834772680952
0.7179648,10.775483,17.997096,13.001970,18.992974,2.24973421865598,-16.3995690973938
0.7780016,10.688545,17.879405,12.903419,18.847175,2.30684830536459,-16.362486928578
0.8064976,10.649905,18.036326,13.001970,19.148492,1.4020598162615,-15.8275031410529
0.8417744,10.630586,17.948058,12.962550,19.012414,1.58723230872561,-16.0207268548034
0.8780272,10.601607,17.761714,13.100521,18.934654,0.568382908481777,-16.6603022720069
0.9089952,10.591947,17.575370,13.179362,18.818015,-0.0520609159386982,-17.2701687041426
0.9391952,10.601607,17.614600,13.179362,18.818015,0.134915521538142,-17.2336026955783
0.9801856,10.543648,17.771521,13.208927,18.905495,0.118730605879859,-16.8045993685519
1.0118096,10.698204,17.653830,13.317334,18.886055,-0.0392581455675174,-17.6084689738935
1.0417776,10.611266,17.614600,13.268058,18.798576,-0.0612901921592357,-17.4876800551119
1.0791664,10.640246,17.751906,13.258203,18.915215,0.213587973725788,-17.1525366212384
1.1131056,10.678885,17.693061,13.287768,18.876335,0.168042365885132,-17.4532907835785
1.1465536,10.717524,17.742099,13.238493,18.759696,1.05860499106771,-17.529991124074
1.1864896,10.601607,17.683253,13.199072,18.788856,0.428814147157976,-17.2197128571305
1.2250688,10.611266,17.702868,13.208927,18.691657,0.835285929983042,-17.3804299671084
1.2564464,10.727184,17.761714,13.297623,18.672217,1.26514599590755,-17.7880269664783
1.287608,10.736843,17.869597,13.218782,18.759696,1.68027844405344,-17.3389792152492
1.3316192,10.775483,17.800944,13.307478,18.633337,1.69416660274789,-17.9195348767931
1.359192,10.717524,17.800944,13.248348,18.613897,1.74085667107068,-17.6825608713176
1.3892,10.833441,17.918635,13.277913,18.584738,2.62008285133384,-17.8804122391563
1.4204288,10.775483,17.879405,13.317334,18.497259,2.4174942115133,-18.0283607412375
1.4703984,10.843101,17.712676,13.356754,18.497259,1.90984181087111,-18.5221087192387
1.5016864,10.910719,17.889212,13.268058,18.506979,3.09697115151531,-18.1937158688898
1.532728,10.920379,17.830367,13.238493,18.555578,2.84773079209249,-18.1640772980923
1.5829088,10.891400,17.791137,13.287768,18.575018,2.35820066712685,-18.2397483497386
1.612656,10.862421,17.702868,13.208927,18.477819,2.51410042255752,-18.2749633582064
1.643992,10.891400,17.810752,13.238493,18.594458,2.53313866882415,-18.0695296309126
1.6853456,10.978338,17.908827,13.317334,18.516698,3.22326068893625,-18.4134731847525
1.7154816,11.026637,17.742099,13.287768,18.390340,3.30986333378306,-18.8981923978436
1.745176,11.026637,17.693061,13.346899,18.497259,2.56111416767545,-18.9436063345997
1.7828304,10.987998,17.634215,13.337044,18.487539,2.26043862421257,-18.9383847205764
1.8218256,10.959018,17.683253,13.277913,18.419499,2.76833707377593,-18.768324194084
1.871704,11.074936,17.663638,13.327189,18.137622,3.92630494586268,-19.6012763683126
1.9242208,11.132894,17.781329,13.317334,18.312580,4.01919616060052,-19.2623006827944
1.9591952,11.142554,17.722483,13.366609,18.157062,4.19875817414129,-19.7217983961598
1.9902272,11.190853,17.722483,13.356754,18.079303,4.68012973029666,-19.9273224313496
2.0253488,11.277791,17.761714,13.366609,17.991824,5.41790944844547,-20.2181732896055
2.0618144,11.316430,17.840174,13.445450,17.952944,5.71525931777021,-20.4192101493582
2.1029472,11.393708,17.693061,13.455305,17.709946,6.26175749574686,-21.2177537313111
2.1341808,11.461327,17.683253,13.504581,17.632187,6.57531719471156,-21.614131044586
2.174232,11.364729,17.693061,13.514436,17.593308,6.35368001353459,-21.4671828549596
2.2042112,11.451667,17.820559,13.622842,17.836305,5.93413625250879,-21.3221284942026
2.2350576,11.451667,17.742099,13.701683,17.787706,5.54012411335409,-21.6931519323957
2.2751776,11.277791,17.653830,13.534146,17.622467,5.7135218095391,-21.3333764895518
2.3063504,11.413028,17.663638,13.612987,17.700226,5.7121375267046,-21.6713607181374
2.3367312,11.432347,17.702868,13.701683,17.777986,5.35649225906872,-21.7269240108876
2.3705424,11.442007,17.751906,13.731248,17.797426,5.40590233330474,-21.7065206087863
2.41788,11.384049,17.634215,13.731248,17.641907,5.28808522090102,-22.0060241989925
2.4579872,11.316430,17.438064,13.790379,17.661347,4.03106905286509,-22.2655542038805
2.4930272,11.326090,17.545947,13.741103,17.894625,3.8416116929195,-21.6424433240625
2.5292352,11.268131,17.653830,13.721393,18.137622,3.2685485880173,-20.926511760941
2.5605216,11.161874,17.467486,13.652407,18.069583,2.63597091931229,-20.9317765888642
2.5917408,11.103915,17.555755,13.642552,18.118182,2.61842633514611,-20.5687365792973
2.6301328,11.123235,17.575370,13.603132,18.127902,2.86602237482254,-20.4786266617861
2.6616912,11.007317,17.487102,13.672118,18.205662,1.59721801819585,-20.3901480700011
2.6927744,11.055616,17.496909,13.691828,18.215381,1.71747180381368,-20.5116726630755
2.7241424,11.123235,17.467486,13.701683,18.195942,1.89416960702874,-20.7595525113698
2.7639856,11.113575,17.428256,13.731248,18.089023,1.97150497820653,-21.0304423345121
2.7942336,11.055616,17.487102,13.790379,18.040423,1.93914409222753,-21.0171204401529
2.8252944,11.210173,17.438064,13.957916,17.982104,1.96771673961089,-21.896638369901
2.8654304,11.171533,17.320373,13.888930,17.904344,1.87415997629195,-21.9657401913328
2.8954272,11.200513,17.300758,13.918495,17.865465,1.94124904749916,-22.1870788950658
2.9254736,11.219832,17.330180,13.967771,17.933504,1.72804730255739,-22.1848316571941
2.9590224,11.239152,17.271335,14.017046,17.923784,1.44483100071835,-22.4435002784012
2.9964496,11.200513,17.271335,13.967771,17.923784,1.46508699709288,-22.2501703361243
3.0264,11.132894,17.300758,14.036757,17.894625,1.1855921162982,-22.2527672652819
3.0592192,11.277791,17.310565,14.026901,17.914064,1.73870140514889,-22.5034083274547
3.1052656,11.210173,17.389026,13.948061,17.952944,1.91472989673417,-21.9973408743056
3.140392,11.219832,17.359603,13.957916,17.826585,2.2350254627325,-22.2850780779958
3.1714768,11.258471,17.369411,13.918495,17.826585,2.55183933932048,-22.2679093577407
3.2017984,11.181193,17.438064,13.908640,17.855745,2.45367664156573,-21.9220902919912
3.2526048,11.200513,17.506717,13.898785,17.826585,2.91774490100597,-21.8810503388692
3.2828704,11.161874,17.536140,13.829799,17.894625,2.88629419367165,-21.4908623468132
3.3174912,11.200513,17.536140,13.928350,17.904344,2.66370274149307,-21.7785507509004
3.3551136,11.248812,17.516524,13.938205,17.758546,3.23356057197168,-22.1656533786071
3.3853136,11.200513,17.418449,13.938205,17.671067,2.98109478208266,-22.3515976773344
3.4180656,11.248812,17.487102,13.977626,17.826585,2.7575798562525,-22.1916851312334
3.4679088,11.210173,17.536140,14.066322,17.846025,2.43018345141291,-22.1941837929955
3.4976368,11.277791,17.428256,13.997336,17.768266,2.77645680767747,-22.4828419420608
3.5291456,11.277791,17.496909,13.997336,17.671067,3.36534598205693,-22.527848421449
3.5629232,11.268131,17.418449,13.888930,17.564148,3.77097932951,-22.561301768836
3.5992496,11.326090,17.398833,13.987481,17.525268,3.71052965699078,-22.9985043068081
3.6300896,11.403368,17.526332,14.046612,17.505828,4.34196542035422,-23.1254556610963
3.6638672,11.355069,17.526332,14.007191,17.496108,4.32983301208596,-22.9490569115027
3.7063776,11.364729,17.575370,14.076177,17.476669,4.37940701805253,-23.074121007999
3.7430816,11.393708,17.594985,14.007191,17.544708,4.5639304800306,-22.8479863324903
3.7731088,11.335750,17.506717,13.888930,17.486389,4.62392374346821,-22.6935819254083
3.8141168,11.335750,17.594985,13.849509,17.515548,4.98948609171761,-22.4209571263711
3.8442896,11.374389,17.644023,13.898785,17.641907,4.71304180524802,-22.3378684625047
3.875336,11.364729,17.624408,13.938205,17.612747,4.56882455997488,-22.4798348746036
3.9055584,11.384049,17.526332,13.879075,17.554428,4.6778612347281,-22.6392582795603
3.9464192,11.345409,17.585177,13.938205,17.651627,4.21731195655885,-22.4380239450006
3.978072,11.393708,17.585177,13.908640,17.534988,4.89882199306691,-22.6630540331376
4.0080032,11.384049,17.585177,13.898785,17.534988,4.89666887405238,-22.6202386162086
4.0477632,11.364729,17.585177,13.938205,17.525268,4.7225162475705,-22.6797007018199
4.078056,11.374389,17.742099,13.869220,17.632187,5.21237922732255,-22.1343823959482
4.1092256,11.316430,17.624408,13.869220,17.709946,4.29207479705691,-22.0696089102341
4.140424,11.364729,17.663638,13.819944,17.651627,4.98719947319436,-22.0973977964366
4.1905824,11.528945,17.585177,13.918495,17.457229,5.63571715169526,-23.1036614337747
4.2214224,11.693161,17.585177,13.957916,17.496108,5.97431595447093,-23.48513314556
4.2525664,11.751120,17.908827,13.859365,17.583588,7.41269644835315,-22.749697203276
4.292696,11.625543,17.555755,13.790379,17.564148,5.95792008200509,-22.9121006171791
4.3241376,11.509626,17.349796,13.642552,17.408629,5.80984185240646,-22.9073619242732
4.3651536,11.673842,17.594985,13.691828,17.457229,6.99267435505831,-22.9093275824979
4.4150128,11.480646,17.693061,13.642552,17.515548,6.60927165593139,-22.1295733764469
4.4463952,11.335750,17.693061,13.721393,17.739106,5.02687835902405,-21.6333790681002
4.4780368,11.229492,17.359603,13.888930,17.914064,2.2087166168225,-22.0167705579636
4.5180656,11.142554,17.222297,14.125453,18.050143,0.102558984822354,-22.3477317191707
4.5491984,11.200513,16.879032,14.312700,18.079303,-1.70920014812144,-23.3806720046606
4.5779488,11.007317,16.771149,14.421106,18.079303,-3.22927311683748,-23.3674339460896
4.6092336,10.987998,16.888839,14.509802,18.186222,-3.49453001035632,-23.1617632865485
4.6502224,10.891400,17.055568,14.361975,18.283421,-3.05750819651279,-22.2111382706333
4.680416,10.833441,17.300758,14.076177,18.351460,-1.61819000680731,-20.964880794508
4.7117168,10.765823,17.379218,13.918495,18.400060,-1.21371848777999,-20.2676736753954
4.751816,10.669225,17.663638,13.534146,18.604178,0.105868003357983,-18.4426312661888
4.782952,10.533988,17.957865,12.873854,19.129052,1.16481070217106,-15.4087842565899
4.812928,10.418071,17.977480,12.735882,19.401210,0.348315342791381,-14.397283008531
4.8490736,10.369772,17.761714,13.021680,19.235971,-1.06239832895081,-15.5012083005197
4.8854112,10.311813,17.702868,13.130086,19.391490,-2.38807470029759,-15.4765805098768
4.915128,10.215215,17.555755,13.258203,19.478969,-4.03897892287737,-15.6363706521155
4.9464272,10.108958,17.300758,13.406030,19.547008,-6.15170624702073,-16.0064226599012
5.004144,10.060659,17.281143,13.415885,19.712247,-6.98650450352499,-15.7040433656735
5.049168,9.896443,17.300758,13.258203,19.926085,-7.73667198291227,-14.6182170161536
5.079272,9.809505,17.624408,13.110376,20.023284,-6.64361695908217,-13.4658507327839
5.149128,9.886783,17.624408,13.031535,19.858045,-5.54800984986085,-13.6982187100347
5.1814736,9.944742,18.124594,12.785158,19.615048,-1.77563232769084,-12.8893992842642
5.2167104,9.935082,18.242285,12.617621,19.537288,-0.543009572276253,-12.4147474406886
5.2512944,10.012360,18.516897,12.361388,19.410930,2.08672515806366,-11.7815128554905
5.2830064,9.993040,18.526705,12.282547,19.440089,2.21964507860685,-11.4931256391026
5.317888,9.906102,18.546320,12.252982,19.644207,1.37238577125872,-10.9031807011249
5.3643696,9.906102,18.507090,12.252982,19.702527,1.02645126089371,-10.8767087298201
5.3942704,9.915762,18.703241,12.124865,19.799726,1.90967564934954,-10.1888567364257
5.4242832,9.877123,18.703241,11.996749,19.673367,2.62774019119474,-9.96162076833666
5.4652608,10.137937,18.752279,11.927763,19.362330,5.0966338120915,-10.7849006752165
5.4963824,10.611266,18.742471,11.770081,19.129052,8.17734367103209,-11.8786497681196
5.5270512,10.659565,18.664011,11.839067,19.070733,8.02879592647298,-12.3500164922327
5.5580992,10.707864,18.634588,11.986894,19.099893,7.48081352352599,-12.8139686508192
5.6080224,10.794802,18.968046,11.927763,18.895775,9.93996440212998,-12.6965160774401
5.6575152,11.084595,19.046506,11.602544,18.759696,12.9030208406607,-12.6945187429164
5.7102576,11.509626,18.212862,11.366022,18.866615,11.888079914619,-14.1789899997395
5.7402576,13.055190,16.283295,12.499359,18.808296,6.70052774072375,-23.2591471976419
5.7740848,13.741034,13.623786,14.095887,23.590489,-20.6214201290727,-24.7529761200443
5.8066448,12.234109,11.807777,15.534733,27.322932,-47.161288400378,-21.8253080722494
5.8418496,5.578522,9.227656,16.332997,31.784368,-100.88301298373,-6.58165178280814
5.8754576,3.830102,9.307044,17.100850,34.855858,-115.382331880405,-0.49994728410244
5.904248,3.936360,9.297120,17.608402,35.040536,-115.795158211843,-1.74665696905014
5.9539392,4.013638,8.691784,17.696248,32.445322,-115.232586576478,-5.94686185621226
5.9840656,3.965339,8.155913,17.149653,29.986186,-114.198042983655,-8.42937066051372
6.0152416,3.781803,7.580347,16.599085,27.702008,-114.384480767411,-10.6678127392105
6.0564128,3.694865,7.133788,16.165460,25.651108,-113.705514853231,-13.1991009302659
6.0880352,3.791463,7.004782,15.948648,24.883236,-112.222721578028,-14.3626899961507
6.1177904,3.704525,7.193329,15.889517,25.874666,-113.164966682398,-12.0187637261888
6.1489328,3.675546,7.292564,15.889517,26.564779,-113.870884705924,-10.6876524910233
6.1881344,3.646566,8.096371,16.668071,30.015346,-115.742384001477,-6.46126175293357
6.2189968,3.598267,8.265072,17.178935,32.075965,-118.722408986068,-4.6952777417451
6.2488384,7.684354,9.902457,19.189623,32.639720,-93.0677851536038,-15.4550664037466
6.3077184,10.379432,10.964276,20.155925,28.965596,-71.6153469575927,-25.9878386504462
6.3417264,16.416793,17.017638,21.454087,14.887880,4.70883212384232,-50.9326184020218
6.3755328,18.317927,19.576115,19.580048,11.480740,35.1848642217126,-52.4965896371912
6.4153568,18.711749,21.939741,13.169507,9.091826,77.0157406743332,-42.7261292542813
6.4442992,19.143993,30.393873,5.561362,10.002354,126.713725414003,-13.7100306342893
6.4757136,19.374523,30.491948,5.590927,9.972982,127.232634135459,-14.1815678784764
6.5204464,18.385165,29.266001,5.344549,9.659682,126.538742326201,-13.5377633579741
6.5552416,17.328569,28.000824,5.157302,9.326801,125.377375513484,-12.8992067446156
6.586504,17.069223,25.921618,5.305129,8.778525,123.383527995121,-16.5670592628812
6.6204656,16.454476,24.303367,5.364260,8.514178,120.241725864828,-18.2371670896211
6.6575152,16.608163,22.930307,5.512086,7.916950,120.45024668802,-22.4036510454643
6.6901552,16.665795,22.292814,5.630348,7.760300,119.471264261954,-24.2942547858793
6.7202224,16.617768,21.920126,5.640203,7.652603,119.180523249475,-25.0978846262293
6.7642128,16.464081,21.694552,5.571217,7.584068,119.222575034011,-25.0945610450024
6.7917296,17.174882,22.557619,5.748609,7.946322,119.240350836727,-25.0117936476579
6.8218496,17.885683,24.028755,6.034407,8.357528,119.555242993313,-24.0454934887692
6.8553904,18.029764,24.322983,6.044262,8.533760,119.35376100968,-23.5996747647951
6.9064192,18.173846,26.049116,6.024552,9.091826,119.925822869111,-20.1641559590911
6.9440976,17.472650,27.941978,5.758464,9.953401,118.932552850132,-13.8378299781989
6.9778128,16.636979,26.872952,9.079636,10.883511,94.0458493646332,-19.562452029838
7.0164784,15.199661,22.665502,14.430961,12.714359,49.4298086948468,-31.1048105065116
7.0463792,14.784290,19.507462,16.480824,13.037450,29.9261025330623,-38.9000386432364
7.0763424,14.707012,15.191705,17.461993,18.225101,-5.37729495376463,-39.0175612562627
7.1264512,14.475178,10.041386,19.023692,18.740256,-32.3204177893154,-49.8210122228759
7.1577536,12.098872,10.626875,19.931430,27.410411,-62.3303772551794,-31.4131004914025
7.187656,6.457562,9.584903,19.131059,31.006776,-97.8081994857734,-15.3426937254811
7.2226752,4.554585,9.326891,19.824063,32.824398,-112.424274077431,-10.7327931328804
7.258872,4.467647,9.138344,19.706936,31.998206,-112.564704264616,-11.5795052603673
7.2890336,4.486967,9.138344,19.336032,31.531651,-111.290679285785,-11.4071471065036
7.3203984,4.400029,8.880331,18.184279,29.908427,-109.073995403859,-11.0868239003419
7.3704928,4.216493,8.612396,16.608940,28.401841,-106.729981312346,-9.2788913783327
7.4004944,4.052277,8.374231,16.342852,27.915846,-107.847673065892,-9.22003001680359
7.4301856,3.636906,8.155913,16.244301,29.237753,-113.615639632333,-6.32964140881418
7.4718624,3.144258,7.778818,15.771256,30.161144,-119.581781619535,-3.04085072731202
7.5018304,2.912423,7.530729,16.165460,30.112545,-123.048444005139,-3.87314928396873
7.5443504,2.835145,7.401723,16.608940,29.714029,-124.400294157361,-5.56808208994018
7.5930592,2.815825,7.302488,16.549810,29.325232,-124.524227374672,-6.04162243218813
7.623176,2.980042,7.510882,16.668071,29.986186,-123.278011717692,-5.57924752956462
7.6540592,3.038000,7.560500,16.573776,29.840387,-122.276224047205,-5.61614694778811
7.6879024,3.009021,7.729200,16.847074,30.423582,-122.615646512797,-5.22951452286523
7.7363776,3.018681,7.739124,17.169174,30.870697,-123.546736722719,-5.468997402976
7.7665952,3.231196,7.868130,18.018348,31.191454,-123.080192575481,-7.52084018778328
7.7963488,3.260175,8.116219,18.184279,31.939887,-122.673272916101,-6.68713367667904
7.8465744,6.457562,9.197885,20.497546,32.814678,-104.480103823283,-16.2972705243077
7.8778,6.940551,9.942151,20.663477,30.724899,-95.6935236398,-19.3736496120746
7.9079872,7.809931,11.539841,19.980233,26.098224,-74.7141543838011,-24.0278061741767
7.9604608,8.775908,14.854305,18.252603,16.922634,-28.7742790363493,-31.981184894569
7.9904752,10.591947,16.898647,17.501035,12.919963,2.77505408698139,-37.7895374776204
8.0316256,13.277365,22.557619,16.145750,13.389913,34.5928637824724,-29.8085234031116
8.0816496,15.421836,28.098900,8.468619,12.528337,89.3125834298414,-11.6132893084599
8.1130672,16.667947,30.795983,5.945711,13.017869,106.618353229931,-4.80361711062425
8.1431856,16.425660,28.873698,6.113248,12.077968,106.167786471035,-8.12558221477665
8.1881024,16.492898,27.814480,6.083683,11.568855,106.867438742807,-10.2637307298427
8.2227136,16.492898,25.833349,5.758464,10.090470,112.266048252891,-14.3939378021111
8.253792,16.348816,26.068731,5.512086,9.786960,115.454115777734,-13.5443993755284
8.2889728,16.521714,26.382574,5.117882,9.385545,120.837564914725,-13.1301048580835
8.3240816,17.607126,26.078539,4.999621,8.475016,128.157347381454,-17.3598579570691
8.3556112,18.481219,25.362586,5.078461,7.907159,131.28900628889,-21.7080478199349
8.3857088,18.529246,24.607402,4.960200,7.486162,133.271214578629,-23.5395372131236
8.4364624,18.250689,24.234714,4.871504,7.300140,133.80495024095,-23.6399025227527
8.4678768,17.616731,23.989525,4.634981,7.270768,133.893180288699,-21.9949202257196
8.498112,17.520677,24.146446,4.644837,7.398046,133.142780906731,-21.2794949276229
8.5378208,17.184488,24.783939,4.565996,7.760300,131.928130922824,-18.523341268423
8.5692336,16.819482,26.147192,4.536430,8.475016,129.584559724096,-14.1695230576272
8.5991248,16.857903,27.010259,4.575851,8.944966,128.215644348023,-12.3403766694829
8.6302288,17.078828,27.186795,4.654692,9.052663,127.850052045266,-12.6615047248396
8.6803744,18.413981,27.196603,5.255853,9.023291,126.992681212809,-17.2974492704722
8.712968,18.875041,26.235460,5.462811,8.582713,127.422260088282,-20.9897648756898
8.74428,19.345707,26.617956,5.610637,8.651247,127.692428841561,-21.665416882306
8.7819264,19.960453,25.715658,6.201944,9.483451,119.545609497674,-24.39768121587
8.8152816,20.997839,23.734528,11.977039,11.490530,81.2351276632623,-37.4251627951375
8.8651712,19.576237,18.516897,15.101108,12.352106,48.873965039651,-47.8100387696908
8.9143392,16.435265,14.100116,17.227738,19.031853,-4.82342140785914,-42.0927899226139
8.946536,12.639820,9.426126,19.004171,19.148492,-44.1052704470049,-46.9971025122153
8.9765744,9.925422,9.495591,19.628851,23.629368,-68.6057205552265,-34.6921580606176
9.0281632,7.491158,8.850561,20.409701,26.146824,-90.271156372718,-28.3243593578688
9.0580592,5.337027,8.572702,20.380419,28.683719,-107.12829344917,-20.2977531992913
9.0906576,4.786420,7.778818,20.370658,28.051925,-113.559352390564,-21.234978597935
9.1417584,4.361390,7.332259,19.609330,27.828367,-117.140893944398,-19.613317707276
9.1719136,4.457988,6.965087,19.277469,27.060495,-117.137785161205,-20.8773723517118
9.202984,4.602884,7.292564,19.052974,27.322932,-114.377623634538,-19.7454216729977
9.2437968,4.622204,7.431494,19.004171,27.420131,-113.51822197658,-19.3033903810903
9.2830432,5.394986,8.384154,18.926086,28.955876,-106.009114922853,-17.1168153530559
9.3142736,6.042191,8.602472,18.857762,28.469881,-100.447610525136,-18.7949548872173
9.3603376,6.071171,8.820790,18.301406,28.372682,-98.0331492261692,-17.4464007421011
9.395424,6.051851,9.555132,16.973962,28.946156,-92.9348419836732,-12.5128539584341
9.426984,6.370624,10.011615,16.638506,28.907277,-88.2253309400209,-11.8990306295183
9.4580304,6.341644,10.269628,15.672705,28.858677,-85.1320619329413,-9.27763028212587
9.5004688,6.544500,10.785652,14.894151,29.101675,-80.4079770738861,-6.89187997272687
9.539656,6.670077,11.321523,13.918495,29.461311,-75.8317675083572,-3.67476442219121
9.57428,6.766675,11.559688,13.307478,29.587670,-73.1533019698778,-1.9462492358473
9.6217008,7.027489,12.274184,12.026314,30.054225,-66.6126533912865,2.03949489170724
9.6517904,7.288303,12.621508,11.701095,29.869547,-62.547173645902,2.39143086563791
9.6817248,7.858230,13.058144,11.553269,29.879267,-57.5099634905185,1.82878502723403
9.7216,8.167342,13.276461,11.050658,29.714029,-53.5109165493263,2.37774440012068
9.7529296,8.263940,13.474932,10.676164,29.334952,-50.3335851644333,2.88082859894617
9.7830256,8.177002,13.623786,10.035582,29.023915,-47.6646471822838,4.58399501174348
9.817776,8.408837,13.921492,9.710363,28.819797,-43.8976785587152,4.93406591468777
9.8552464,8.621352,14.199351,9.710363,28.615679,-41.1689323085013,4.45942874697223
9.8842704,9.085021,14.606216,9.710363,29.053075,-38.517747590566,4.19821207588283
9.9154304,9.210598,14.596293,9.365434,28.693439,-36.144739892443,4.35344861453727
9.9565472,9.336176,14.576446,9.158477,28.168564,-33.693626104792,3.95651107974929
9.9906512,9.770866,14.884076,8.803693,28.188004,-29.5958417459254,4.11555555381791
10.0280832,9.741886,14.735222,8.626301,27.653409,-28.3269799049057,3.88387584735479
10.075768,9.896443,14.913846,8.626301,27.750608,-27.196179838819,3.79279513599541
10.1231648,9.925422,15.052776,8.448909,27.546490,-25.3887209081094,4.10596647560996
10.1631776,10.244195,15.568800,8.439054,27.633969,-22.1630988156765,3.98084970921116
10.2146496,10.408411,15.677959,8.222242,27.177133,-19.0621623960194,3.72778432358811
10.253824,10.437390,15.737500,7.995574,26.866097,-17.0822358281755,3.95782192575225
10.2939872,10.611266,15.826812,8.153256,26.730018,-16.0862005932974,3.04483350917226
10.3339936,10.582287,15.995513,8.015284,26.700858,-15.0156834453152,3.63465388614755
10.3653904,10.466370,16.164213,7.877313,26.904976,-15.0071261574571,4.71120451068699
10.4042784,10.553308,16.491690,7.788617,27.089654,-13.6569363696569,5.27900490481284
10.4465808,10.456710,16.650466,7.699921,27.313212,-13.823378809434,6.17330234735191
10.478024,10.350452,16.561155,7.660500,27.303492,-14.4446987569447,6.4465452161627
10.5065776,10.282834,16.581002,7.561949,27.449291,-14.7774068221772,7.05829215482362
10.550192,10.031680,16.501613,7.532384,27.400691,-15.855900149327,7.66235263662991
10.579296,10.041339,16.362684,7.630935,27.128534,-15.8454708345377,6.93635069347155
10.6104704,10.031680,16.233678,7.640790,27.118814,-16.4050381138001,6.78607539375919
10.6418672,9.973721,16.392454,7.640790,27.206293,-16.2651622206737,7.20505914264697
10.6814,10.099298,16.402378,7.699921,27.186853,-15.8416662024522,6.70627923749908
10.7115424,10.128277,16.451996,7.739341,27.235453,-15.7947630976574,6.6318652973364
10.7452896,10.031680,16.422225,7.690066,27.147974,-15.8848252163064,6.89038530126612
10.7929104,10.002700,16.422225,7.709776,27.167414,-16.1205234715767,6.9357971485386
10.8342688,9.906102,16.531384,7.828037,27.274333,-16.7532071574455,7.11003517541013
10.8631632,9.848144,16.660390,7.887168,27.449291,-17.1735626854743,7.42988825678415
10.9155376,9.577670,16.630619,7.699921,27.507610,-17.9934349689109,8.67223143384005
10.9540496,9.452093,16.511537,7.709776,27.254893,-18.253660430444,8.59204402819248
10.985328,9.568010,16.700084,7.739341,27.672849,-18.3658567124383,8.8372375585974
11.0379648,9.529371,16.670314,7.759051,27.595089,-18.4682375271415,8.7759160126317
11.0680144,9.568010,16.551231,7.660500,27.536770,-18.3230022383123,8.75084794897117
11.0988944,9.510052,16.451996,7.749196,27.381251,-18.7607960499533,8.40122703235753
11.1489648,9.558350,16.541307,7.916733,27.507610,-19.0828748497439,8.05313149699435
11.180544,9.732226,16.521460,8.064560,27.459011,-18.7563030787124,7.13131584624865
11.213928,9.606649,16.392454,8.044850,27.303492,-19.2639583178102,7.2110993626148
11.2515664,9.510052,16.362684,7.956154,27.303492,-19.5134489762758,7.67138295034714
11.2815872,9.577670,16.471843,8.084270,27.264613,-19.060736170455,7.22676526579264
11.3117136,9.693587,16.600849,8.064560,27.371532,-18.3311754722196,7.22430701759366
11.3452448,9.616309,16.561155,8.064560,27.274333,-18.5123886128674,7.28237443142114
11.3966368,9.635629,16.581002,7.956154,27.138254,-17.6187395114095,7.39421425492282
11.4341632,9.693587,16.521460,8.015284,27.225733,-18.0668189409973,7.11419655480059
11.4665808,9.683928,16.610772,7.867458,27.342372,-17.6515996891965,7.74977543592743
11.5064624,9.741886,16.531384,7.956154,27.147974,-17.4193423892239,7.0702266783214
11.5365072,9.664608,16.581002,8.064560,27.196573,-18.0038505067923,7.09309250034384
11.568048,9.770866,16.620696,8.094125,27.128534,-17.3004596258567,6.70512792571883
11.631912,9.819164,16.551231,8.192676,27.031335,-17.3895907576337,6.14027694365625
11.6615248,9.848144,16.352760,8.212386,26.632819,-16.9267664084119,5.35958848560267
11.6901024,9.993040,16.392454,8.429199,26.448141,-16.279538762899,4.25205383389267
11.7401504,10.118618,16.382531,8.685432,26.302342,-16.1508192930607,3.08840102987657
11.7716816,10.205556,16.243601,8.872679,26.010745,-16.042166671372,1.89140027998049
11.8029632,10.302153,16.124519,9.109202,25.777467,-16.1423616885427,0.63040251457177
11.8442944,10.437390,16.045130,9.385145,25.699708,-16.5196229376408,-0.594469978751214
11.876456,10.437390,15.727577,9.680798,25.272032,-17.3993512007744,-2.23738624890843
11.9042224,10.495349,15.697806,9.986306,25.106794,-17.7097261943577,-3.38328040470615
11.946592,10.562967,15.578724,10.094713,25.077634,-18.1570195559592,-4.00331281496138
11.9853776,10.601607,15.509259,10.291815,24.951275,-18.4946807640421,-4.82938285658403
12.020568,10.727184,15.529106,10.390366,24.941555,-18.1731703878234,-5.36378644755422
12.0743696,10.775483,15.578724,10.321380,24.912396,-17.4840726037099,-5.2874937065739
12.1065008,10.852761,15.439794,10.419931,24.679118,-17.3262174741011,-6.19032742593838
12.138208,10.891400,15.419947,10.498772,24.640238,-17.3711068929347,-6.55067849695359
12.1706992,10.968678,15.350482,10.538192,24.669398,-17.5463161350355,-6.88458821764977
12.2239744,10.891400,15.459641,10.350945,24.776317,-17.1758120986068,-5.9663682284914
12.2600736,10.891400,15.529106,10.380511,24.960995,-17.5413488505523,-5.7136300423588
12.302856,10.852761,15.380253,10.272105,24.970715,-17.9996712579979,-5.53382700205965
12.331704,10.804462,15.340559,10.143988,25.019315,-18.1162976030656,-5.09181965819592
12.3629872,10.843101,15.360406,10.153843,25.009595,-17.8800160084047,-5.19757303182659
12.393008,10.707864,15.340559,10.163698,24.980435,-18.4504890580435,-4.95272625450369
12.4354144,10.707864,15.459641,10.242539,24.980435,-18.2048216958448,-4.99481678089379
12.4657664,10.765823,15.419947,10.291815,25.145673,-18.7736687508619,-5.09765615066971
12.4966112,10.649905,15.469565,10.015872,25.378951,-18.9144263241413,-3.78325293807621
12.5305216,10.659565,15.509259,9.927176,25.485870,-18.7691581392292,-3.40657663447664
12.577976,10.591947,15.499335,9.877900,25.262312,-18.2646205385486,-3.40745553239601
12.608128,10.562967,15.410023,9.799059,25.223433,-18.390445048816,-3.29934979559732
12.6418784,10.582287,15.548953,9.720218,25.427551,-18.1253377888365,-2.72572978985025
12.6952624,10.785142,15.449718,10.222829,25.165113,-18.4273697937712,-4.91447092148512
12.73636,10.862421,15.152011,10.469207,24.717998,-18.7183199977846,-6.65510988621413
12.7765136,10.872080,15.290941,10.597323,24.854076,-18.9071454416417,-6.63254296574657
12.8118304,10.862421,15.261170,10.755005,24.756877,-19.2469513768885,-7.15296550490935
12.8417376,10.833441,15.062699,10.686019,24.630518,-19.5882771668309,-7.34040006990684
12.8729744,10.785142,15.042852,10.823991,24.465280,-19.7851012253675,-7.80005867629092
12.9243504,10.891400,15.201629,11.030948,24.475000,-19.3530481493291,-8.32897164882628
12.9543648,10.930039,15.082546,11.257616,24.552759,-20.5809784883849,-9.01343167156199
12.985424,10.939699,14.953540,11.247760,24.300042,-20.2895707248913,-9.52134511698721
13.0253472,10.862421,14.755070,11.277326,24.232002,-21.3048349564539,-9.76662177240931
13.0566656,10.823781,14.794764,11.385732,24.436120,-22.223559405082,-9.60404915057267
13.0879056,10.881740,14.834458,11.375877,24.484720,-21.9368007992615,-9.59960070646598
13.1189824,10.881740,14.884076,11.444863,24.416681,-21.7365519675475,-9.78720577680928
13.1593152,10.852761,14.645911,11.523703,24.329201,-22.8082066596107,-10.3438057169338
13.189272,10.862421,14.586369,11.602544,24.348641,-23.301833555286,-10.606890533448
13.21912,10.823781,14.506981,11.651820,24.202843,-23.5077806881168,-10.9390448055184
13.2612672,10.891400,14.397822,11.701095,24.202843,-23.8243789235487,-11.3639943293307
13.2928608,10.891400,14.318434,11.967183,24.163963,-24.8159976217162,-12.1501724386108
13.3439744,10.930039,14.199351,12.371243,23.959845,-25.7287327208635,-13.6272563885416
13.394232,10.833441,14.100116,12.578200,23.843206,-26.8063202495839,-14.186017261335
13.424296,10.862421,14.060421,12.627476,23.852926,-27.0202364576521,-14.4081834083987
13.4540528,10.852761,14.090192,12.666896,24.018164,-27.5199306785867,-14.2001714169296
13.4965008,10.843101,14.199351,12.824578,24.222282,-28.1280773165327,-14.0972500037282
13.5264848,10.843101,13.921492,12.755592,23.989005,-28.4369651982518,-14.6612334367826
13.559256,10.698204,13.881798,12.578200,23.969565,-28.6567239886868,-14.0049530174077
13.5891136,10.591947,13.861951,12.519070,23.852926,-28.6903130818111,-13.8158845864308
13.62784,10.688545,14.060421,12.450084,24.086204,-27.910362108667,-13.2692832193407
13.6691264,10.736843,14.139810,12.499359,23.979285,-27.2088619258897,-13.5336027164986
13.7001728,10.862421,14.189428,12.617621,23.920965,-26.6474346514762,-14.1066102128769
13.7440912,10.872080,14.070345,12.627476,23.503010,-25.9307929270922,-14.9160135073466
13.772832,10.862421,14.030651,12.676751,23.483570,-26.2242849180814,-15.092002419673
13.8028112,10.872080,14.199351,12.735882,23.639088,-26.0965979588511,-14.7850119290862
13.8364064,10.920379,14.179504,12.795013,23.639088,-26.147851585206,-15.0583867413861
13.884168,11.055616,13.990957,13.031535,23.153093,-25.6514593337605,-16.8771866201532
13.9153632,11.113575,14.000880,13.080811,23.094774,-25.3419204168278,-17.1899968182408
13.9541488,11.161874,14.060421,13.070956,23.133653,-24.9770772502341,-17.132153744593
14.005376,11.132894,14.179504,12.982260,23.289172,-24.7966005458591,-16.4672915175451
14.0363664,11.142554,14.149733,12.844288,23.133653,-24.0278007976049,-16.4467833895389
14.0853728,11.161874,14.149733,12.844288,23.260012,-24.3155675995258,-16.306780020698
14.1165568,11.113575,14.268816,12.735882,23.250292,-23.6784697807682,-15.7933316947087
14.1479808,11.132894,14.258892,12.716172,23.191973,-23.4115827040463,-15.8910861267401
14.1816464,11.229492,14.268816,12.775302,23.240572,-23.2864737559758,-16.1593329841171
14.2202064,11.181193,14.229122,12.795013,23.094774,-23.2812039902987,-16.3637244975876
14.250024,11.248812,14.298587,12.893564,23.094774,-23.0039117790828,-16.637929901316
14.2815488,11.287451,14.278739,12.873854,23.075334,-22.8121447599576,-16.7376909861005
14.3214448,11.268131,14.308510,12.863998,23.094774,-22.7971984779356,-16.600435840072
14.351544,11.239152,14.288663,12.952694,23.017014,-23.0300979448995,-16.876922801402
14.3815968,11.277791,14.308510,12.893564,22.958695,-22.4454053005906,-16.8869559959392
14.415176,11.355069,14.328357,12.942839,22.832336,-21.8199244047529,-17.3271950121934
14.4641248,11.384049,14.308510,12.952694,22.900375,-22.0115416208439,-17.3435991699815
14.5050448,11.461327,14.407746,13.051246,22.880936,-21.5224883296345,-17.6193649878739
14.536376,11.413028,14.348204,13.061101,22.812896,-21.791868725948,-17.7207499232872
14.5804912,11.364729,13.901645,13.090666,22.239422,-22.2255531824905,-19.2022359643911
14.6254416,11.345409,13.911568,13.080811,22.433820,-22.8128380045106,-18.8275855684096
14.6641808,11.451667,14.030651,13.366609,22.803176,-23.8002957430867,-18.9686869325197
14.706392,11.422688,14.030651,13.484870,22.939255,-24.6548997076158,-18.9633892365425
14.736296,11.345409,13.842103,13.396174,22.715697,-24.852910610405,-19.2115519807955
14.77156,11.326090,13.802409,13.465160,22.531019,-24.7624361752134,-19.6598364716898
14.820336,11.306770,13.633709,13.603132,22.511579,-25.8932686185524,-20.2081673962674
14.8492112,11.345409,13.653556,13.888930,22.618498,-26.7790747035958,-20.7284385627846
14.8804192,11.364729,13.683327,13.948061,22.832336,-27.3520032811787,-20.5304817842516
14.9305424,11.239152,13.375697,13.967771,22.521299,-28.3418342017154,-21.2422730157745
14.9618128,11.297111,13.435238,14.026901,22.667098,-28.4291449064785,-21.1831783760179
14.9914832,11.210173,13.524550,14.135308,22.793456,-29.0829360061891,-20.9010742814018
15.0330096,11.287451,13.474932,14.224004,22.696257,-28.9427085204872,-21.4854653838099
