0.0272528,13.267854,17.957865,14.708716,19.926085,-1.89088460480168,0.284514824984768
0.0607456,13.287177,17.889212,14.758008,19.809446,-1.8514409188561,-0.125326222386434
0.09824,13.354809,17.859790,14.767866,19.692807,-1.38514015245644,-0.495892461771938
0.129488,13.364471,17.889212,14.688999,19.712247,-1.06360918460127,-0.285813228135385
0.159512,13.345147,17.957865,14.698857,19.731687,-0.985218058893159,-0.136452114311354
0.210704,13.412779,18.124594,14.619990,19.712247,0.129467765293484,0.103353443288732
0.2406864,13.403117,18.134402,14.541123,19.634487,0.624098683675701,0.179455758018928
0.2707072,13.441764,18.212862,14.442539,19.615048,1.39865594242363,0.386066440399244
0.3157072,13.422440,18.252093,14.422822,19.673367,1.34415774041724,0.607470637224399
0.3532544,13.432102,18.340361,14.353814,19.683087,1.86605707441141,0.869759687766347
0.40576,13.432102,18.458052,14.205938,19.721967,2.61269920337627,1.3947325080747
0.4557456,13.374132,18.497282,14.127071,19.790006,2.58365020656486,1.82593301427424
0.4857568,13.374132,18.497282,14.156646,19.731687,2.67534197416718,1.68173018274977
0.5157408,13.383794,18.477667,14.038345,19.799726,2.80208260640892,1.9712598111094
0.5669296,13.432102,18.428629,14.205938,19.663647,2.69893044324497,1.26692993100357
0.5969616,13.461087,18.438437,14.265088,19.605328,2.82787786364837,1.01915412846028
0.6282496,13.519057,18.261900,14.383389,19.469249,2.48193796552486,0.207151963502238
0.6682448,13.577027,18.134402,14.393247,19.440089,2.30677148319044,-0.160154041710388
0.6995008,13.644658,18.114787,14.541123,19.527569,1.72081075718339,-0.487747516015826
0.7295312,13.634997,18.144209,14.501689,19.566448,1.7898200172953,-0.289276788266282
0.771968,13.625335,18.124594,14.560840,19.673367,1.16447343381727,-0.258306308876094
0.8095376,13.577027,18.124594,14.570698,19.566448,1.30679018090664,-0.340195152047201
0.8406896,13.567365,18.095171,14.570698,19.517849,1.32744055469719,-0.436683236958654
0.874464,13.538380,18.036326,14.531265,19.527569,1.121429448391,-0.373752248922457
0.9244672,13.422440,18.163824,14.550981,19.663647,0.667698359812722,0.207659655702045
0.9532544,13.403117,18.104979,14.481973,19.605328,0.802858592958927,0.211033710266666
0.9832384,13.490072,18.095171,14.550981,19.595608,0.879348074025156,-0.128766484482121
1.0244736,13.461087,18.075556,14.619990,19.566448,0.586862467596854,-0.28056385082165
1.0757024,13.461087,18.046133,14.728432,19.517849,0.296985166541541,-0.611518680700286
1.1057184,13.606012,17.908827,14.925600,19.304011,0.37572761357751,-1.81134372984027
1.1570176,13.577027,17.948058,14.945317,19.284571,0.409979440652254,-1.76337332557448
1.187016,13.577027,17.928443,15.014326,19.274851,0.155712705183097,-1.94287587333442
1.2169872,13.634997,17.889212,15.103051,19.255411,0.00184928979054,-2.31816640160296
1.259584,13.625335,17.918635,15.053759,19.265131,0.194083674883732,-2.14399926866335
1.2894528,13.557703,17.889212,15.014326,19.362330,-0.320577656595798,-1.8324047039672
1.3195008,13.490072,17.967673,14.896025,19.459529,-0.217042178476865,-1.20371890253662
1.3519888,13.441764,18.016711,14.925600,19.527569,-0.521056547351067,-0.992189846332632
1.3907056,13.325824,17.899020,14.807300,19.653927,-1.351438080911,-0.516108824339454
1.4220288,13.306501,17.987288,14.748149,19.683087,-1.01921961660715,-0.186007237821883
1.4720224,13.219546,18.085364,14.708716,19.809446,-1.25315473780183,0.396745111730599
1.5157648,13.248531,18.124594,14.669282,19.877485,-1.10754272687506,0.574971017929638
1.5432544,13.142253,18.055941,14.698857,19.935805,-1.98565996666381,0.712956399066094
1.5757344,13.122929,18.026518,14.698857,19.896925,-2.03321258048387,0.651455677839106
1.6144752,13.190561,17.957865,14.688999,19.760846,-1.58035910697693,0.234502093172313
1.6482304,13.132591,17.957865,14.649565,19.770566,-1.6883243939884,0.443801970051378
1.6856992,13.248531,17.918635,14.767866,19.828886,-1.97484980877404,0.00416965050698792
1.7269488,13.287177,17.908827,14.777724,19.770566,-1.72366577340037,-0.193034498883581
1.7569984,13.306501,17.967673,14.728432,19.799726,-1.39050366771671,-0.0033533211697474
1.7881984,13.364471,17.928443,14.758008,19.751126,-1.26630023667029,-0.307111846478936
1.82204,13.383794,17.948058,14.728432,19.741406,-1.00895453933177,-0.272117655456455
1.8594592,13.393456,17.928443,14.728432,19.702527,-0.921379306328364,-0.377962103396086
1.8894608,13.383794,17.967673,14.767866,19.692807,-0.9126349783643,-0.393265819810644
1.9207488,13.393456,17.987288,14.797441,19.605328,-0.630165540675751,-0.571699084298388
1.9633312,13.354809,17.948058,14.758008,19.566448,-0.652396776911079,-0.532974765157174
1.991952,13.354809,18.006903,14.748149,19.634487,-0.632465201153483,-0.324933979598377
2.0232032,13.364471,17.977480,14.787583,19.595608,-0.702290477536895,-0.523726141624241
2.0532752,13.364471,18.006903,14.787583,19.585888,-0.570390226692533,-0.494459007476177
2.1044864,13.461087,17.957865,14.787583,19.537288,-0.253821119528499,-0.831041602272069
2.1345312,13.470749,17.967673,14.748149,19.576168,-0.185149676474181,-0.699644080616867
2.1644816,13.403117,18.006903,14.827016,19.517849,-0.34745015007222,-0.750287714909689
2.2044208,13.422440,18.036326,14.797441,19.615048,-0.392425256948229,-0.541875260100117
2.2357488,13.422440,18.046133,14.748149,19.478969,0.224840537804381,-0.631835156724055
2.266992,13.480410,18.075556,14.758008,19.498409,0.432069747936625,-0.69346932804374
2.3082016,13.480410,18.055941,14.836875,19.478969,0.177575303773731,-0.907386547100744
2.3482096,13.528719,18.085364,14.758008,19.410930,0.907275279194755,-0.904570331147335
2.379496,13.499734,17.967673,14.758008,19.323451,0.681719219535767,-1.15397225817776
2.4120032,13.557703,18.026518,14.698857,19.352610,1.17738131532907,-1.01985159071652
2.4507536,13.596350,18.163824,14.718574,19.362330,1.68454516191566,-0.915764258712299
2.4908032,13.586688,18.212862,14.639707,19.391490,1.97632019580357,-0.624539059709271
2.5219824,13.548042,18.193247,14.639707,19.323451,1.99442991652447,-0.678352466130359
2.5732384,13.567365,18.291323,14.619990,19.401210,2.20898922625605,-0.41650730076201
2.6032928,13.577027,18.271708,14.541123,19.401210,2.42617037077375,-0.308373869676117
2.6332464,13.538380,18.301130,14.570698,19.449809,2.14608009544195,-0.174952692277092
2.6744512,13.461087,18.310938,14.521406,19.478969,1.98065842084479,0.134223682203498
2.706952,13.490072,18.350168,14.442539,19.547008,2.24700817680503,0.391550872362114
2.7369888,13.480410,18.379591,14.393247,19.576168,2.37816958330104,0.595191018804403
2.769528,13.499734,18.399206,14.383389,19.547008,2.63454524100211,0.562292496873056
2.8069552,13.451425,18.340361,14.412964,19.537288,2.20741087631338,0.499021665598963
2.8381872,13.499734,18.369784,14.403106,19.566448,2.41002218517809,0.508291200497407
2.8695008,13.499734,18.340361,14.393247,19.488689,2.58942871888463,0.370413943183216
2.909456,13.470749,18.409014,14.403106,19.585888,2.38291370309986,0.652167641001306
2.9594448,13.538380,18.379591,14.343955,19.517849,2.9179092417561,0.492257030347659
2.990704,13.548042,18.448244,14.403106,19.459529,3.18031239372403,0.370174214126173
3.030736,13.615673,18.458052,14.383389,19.440089,3.56694244760074,0.260607496307692
3.063248,13.548042,18.428629,14.363672,19.372050,3.52014060599116,0.291224593132441
3.0920272,13.606012,18.350168,14.334097,19.294291,3.79552314522436,0.00376169936655657
3.1244592,13.606012,18.340361,14.363672,19.352610,3.47994845141925,0.0165786034303324
3.163232,13.596350,18.369784,14.412964,19.391490,3.26433521869436,0.0385731938644653
3.1932016,13.615673,18.477667,14.403106,19.440089,3.57003792318792,0.25021647988234
3.2257072,13.596350,18.369784,14.422822,19.362330,3.32611255341921,-0.0241147427436488
3.2644768,13.596350,18.320746,14.442539,19.362330,3.09695015931293,-0.135862060413494
3.295744,13.615673,18.350168,14.472114,19.362330,3.1674292355183,-0.189515892016185
3.3257264,13.615673,18.369784,14.481973,19.294291,3.41994308822989,-0.280771560546611
3.3582176,13.654320,18.438437,14.422822,19.206812,4.25289775580413,-0.267937483747957
3.396968,13.779921,18.585550,14.412964,19.099893,5.5448942347668,-0.437955942219421
3.4284304,13.818568,18.595358,14.265088,18.983254,6.5643998346755,-0.379741526729784
3.4582672,13.895861,18.683626,14.255230,18.924934,7.33801179816695,-0.469139000704136
3.4982272,13.953831,18.732664,14.274947,18.905495,7.69204955127145,-0.579073769444548
3.5319264,13.934508,18.713049,14.284805,18.818015,7.81654280595178,-0.719476579201281
3.5620112,13.963493,18.614973,14.215796,18.856895,7.68579183239484,-0.728368180496837
3.6082432,13.944169,18.713049,14.274947,19.002694,7.27843306917454,-0.44500431692639
3.6407136,13.818568,18.614973,14.284805,19.090173,6.21843267045859,-0.231337204041481
3.6719664,13.702628,18.624781,14.186221,19.216532,5.77368157679597,0.396715162191789
3.7032576,13.654320,18.585550,14.166504,19.255411,5.41817754249399,0.532183875269617
3.7532448,13.567365,18.565935,14.284805,19.508129,3.86542447378924,0.811279553739464
3.7832368,13.538380,18.516897,14.324238,19.527569,3.41414686271386,0.74714620685106
3.814488,13.499734,18.516897,14.343955,19.478969,3.37598754696735,0.713837245726324
3.8644672,13.374132,18.389399,14.304522,19.576168,2.33305388205927,1.00013045570191
3.8957696,13.238869,18.369784,14.334097,19.702527,1.30809894445728,1.36875298054598
3.9271232,13.142253,18.448244,14.304522,19.916365,0.662412509789299,2.04765088488975
3.9582352,13.074621,18.477667,14.294663,19.984404,0.348040229493421,2.34487715514713
3.9969616,13.084283,18.516897,14.225655,19.984404,0.733158290844464,2.52150734359049
4.0285456,13.113268,18.565935,14.136929,19.994124,1.24961603383723,2.72706593966359
4.0582368,13.084283,18.614973,14.048204,20.033004,1.47601738956328,3.09230012508115
4.1206928,12.997328,18.860162,13.900328,20.110763,2.23706073063373,4.03096141574642
4.1520064,12.929697,18.968046,13.644010,20.256561,2.72559309030448,5.05406163296453
4.182,12.833080,18.977853,13.476417,20.402360,2.50042223088624,5.81885949026249
4.2344688,12.765449,19.154390,13.338400,20.587038,2.72118310599685,6.74669666485711
4.2719872,12.726802,19.154390,13.279249,20.664797,2.53086172938546,7.05792248642473
4.3058,12.620524,19.193620,13.190524,20.693957,2.49313039818753,7.56106501224709
4.3431952,12.572216,19.193620,13.111657,20.830036,2.14637728241774,8.01449079177289
4.3732016,12.465938,19.291696,13.072223,20.995274,1.71843390788715,8.67841826043271
4.4044992,12.388644,19.242658,13.082082,21.043874,1.10219084813322,8.82093130749788
4.4457936,12.349998,19.291696,13.032790,21.063313,1.23229657517604,9.09978622540818
4.4757216,12.185750,19.419194,12.855339,21.247992,1.08376754753234,10.2458876599536
4.50696,12.195412,19.497655,12.845480,21.374350,1.01611100131672,10.51631188018
4.5407072,12.060148,19.536885,12.776471,21.393790,0.844782115165621,11.0327092760886
4.5782256,12.069810,19.585923,12.717321,21.393790,1.23267781023806,11.2036860818112
4.6082176,12.011840,19.605538,12.668029,21.345191,1.41229580492649,11.3979218278972
4.649504,11.934547,19.723229,12.579304,21.432670,1.55429995098085,12.0254406109948
4.69948,11.876577,19.850728,12.490578,21.568749,1.64106747514894,12.6850634269666
4.73204,11.924885,19.880150,12.470861,21.520149,2.12272991417345,12.5980706879857
4.7623968,11.828269,19.948803,12.421569,21.510429,2.21550831444361,12.9924522563775
4.8031872,11.828269,19.919381,12.421569,21.568749,1.92966121314057,13.0294393592263
4.8332336,11.741314,19.811497,12.490578,21.578468,1.01403968227575,12.9429771622847
4.8832432,11.712329,19.674191,12.579304,21.529869,0.315724371035842,12.5728306282318
4.9232464,11.673683,19.615346,12.835622,21.675667,-1.2864517381876,12.2100781710892
4.9558256,11.750976,19.634961,12.993356,21.588188,-1.17211200524263,11.6129685700709
4.9845408,11.779961,19.713422,12.904631,21.374350,0.146383936309027,11.5663512769423
5.01576,11.934547,19.948803,12.825763,21.024434,2.8376104145941,11.2531871030102
5.0557088,12.147103,20.203800,12.687746,20.693957,5.92052728773982,10.9934126489667
5.087008,12.234058,20.458797,12.608879,20.363480,8.39408517145606,10.8769234208773
5.1169712,12.378983,20.547066,12.520153,20.139923,10.1935924273106,10.5775362589302
5.1596384,12.465938,20.713794,12.431428,19.994124,11.8044404264222,10.6089686198764
5.1882496,12.475599,20.743217,12.382136,20.003844,12.0640300921989,10.7460548170925
5.2207232,12.514246,20.664756,12.391994,19.994124,11.9337676142954,10.5251037614933
5.2544448,12.475599,20.537258,12.579304,20.052443,10.5725415434783,10.1136305061747
5.3020256,12.224396,20.468605,12.638454,20.295441,8.52091998081394,10.7573754839442
5.3420688,11.953870,20.439182,12.648312,20.470399,6.91749471234835,11.5127715668075
5.3845072,11.712329,20.272453,12.815905,20.538439,4.77760137144314,11.5445828705664
5.4121136,11.673683,20.331299,12.944064,20.353760,5.02942253988912,11.1844524303103
5.4432928,11.654359,20.635334,13.131373,19.926085,6.77195391219763,10.6566663870622
5.473208,12.224396,21.076675,13.486275,18.905495,12.3123461970498,7.90155301993846
5.5269696,12.775110,21.753397,13.308824,17.525268,21.5525970968162,6.14867569403827
5.5682304,14.050447,24.715286,12.106101,15.945054,44.032978093911,7.88124887896131
5.5958432,14.340297,25.372393,11.672332,15.779017,48.8394499849528,8.8311380749272
5.6469536,14.948980,26.961221,10.242866,15.788784,59.9133899599662,12.5964554568223
5.6787648,14.987627,27.481022,9.069717,15.427409,67.4174542154194,15.2269022380227
5.708248,15.132552,27.961594,7.975436,15.310207,73.9217394693998,17.7646598499759
5.749488,15.325785,28.775622,7.009314,15.407875,79.8918655114813,20.5794529535725
5.7795152,16.195333,28.589278,6.792430,15.271139,82.9018485555981,18.7308507741711
5.8094608,16.427212,28.530433,6.900872,15.202771,83.0972520630661,17.8229545447838
5.8407328,16.531319,28.432357,7.147332,15.056268,82.6780788452946,16.758104509629
5.879472,17.280542,27.991016,7.354358,14.694893,83.9972744050682,13.7028213172337
5.9107184,17.501466,27.098527,7.620534,14.411653,82.6424979369038,11.1738157154038
5.9419664,18.087397,25.921618,7.965578,13.708437,82.9347454047013,6.70001569722371
5.9819952,18.538852,25.342971,8.152887,13.278694,83.7333760895806,3.95838059944618
6.0124064,18.971095,25.127204,8.192321,12.761049,86.3448043824564,1.93029888773846
6.041944,19.192020,25.038936,8.261330,12.829417,86.0107279759594,1.31187940278536
6.073208,19.307285,24.764324,8.330338,12.565711,86.5464833555751,0.14298649450842
6.1256992,19.518604,24.715286,8.330338,12.419208,87.5564841677746,-0.574895348114932
6.1644928,19.288074,24.646633,8.113454,12.194569,88.9382758210036,-0.113585149367857
6.1995024,19.163204,24.499519,8.044445,11.979698,89.6736694379994,-0.268293099908668
6.2369968,19.192020,24.038563,8.133171,11.940630,88.5114478448595,-1.28014588616905
6.2694896,19.297680,23.803181,8.261330,11.813661,88.2239465597703,-2.32422025629071
6.2982912,19.547420,23.812989,8.320480,11.794127,88.6021842560909,-2.96498132121519
6.3382016,19.998875,23.714913,8.438781,11.413218,90.5869663264903,-4.86565778271238
6.3694912,20.037297,24.097408,8.221896,11.247181,93.2745918877639,-4.16498995450067
6.4007232,20.094929,23.665875,7.965578,10.631867,96.679633868883,-5.46189627080988
6.4319952,20.363881,23.322610,8.034587,10.358395,97.5258515759413,-7.16385728416535
6.4706976,20.421514,23.361840,8.064162,10.368162,97.5329009509925,-7.25510865822929
6.5019856,20.459935,23.224534,8.133171,10.446297,96.6090527661541,-7.56758967363958
6.532,20.469541,23.469723,8.271188,10.836972,94.5837157856395,-6.80030060414673
6.5757312,20.671254,23.479531,8.497931,10.944408,93.4344386968746,-7.44455807202769
6.6044992,20.882574,24.146446,8.576798,11.120212,94.0478362009871,-6.63627624359183
6.6332448,20.872968,24.568172,8.448639,11.169046,95.2498148141358,-5.62265334646226
6.6644832,20.575200,24.764324,8.251471,11.169046,95.9657292107604,-4.3542349636212
6.7035744,20.604016,25.274317,8.074020,11.003009,98.6459220442437,-3.52732988757821
6.734856,20.594411,25.392008,7.866994,10.710003,101.227420813117,-3.37341196574084
6.7782768,20.786519,25.931425,7.738835,10.641634,103.5585178164,-2.77137550141152
6.825696,21.401266,26.461034,7.669826,10.221658,107.997109659381,-3.66793508262116
6.8569536,21.535742,26.461034,7.551526,9.830983,110.693125868111,-4.30175772467046
6.887016,21.737456,26.402189,7.581101,9.655179,111.655715806123,-5.11359724107691
6.9269808,22.083251,25.774504,7.551526,9.049632,114.29804871395,-7.68673734315055
6.9581984,22.236938,25.686236,7.492375,8.854294,115.68452728325,-8.33047614258147
6.9895136,22.544311,25.225280,7.620534,8.600355,116.054835915366,-10.3427233828294
7.0195168,22.794052,24.783939,7.758552,8.502686,115.521113729487,-11.9822347872911
7.0694672,23.053398,25.058551,7.965578,8.824993,113.796586973221,-11.8329168449157
7.104536,23.485642,24.313175,8.182462,8.512453,113.728781387513,-14.8184200385564
7.1345104,23.562485,24.205292,8.251471,8.551520,113.137766696194,-15.1998582148751
7.1732288,24.273286,23.803181,8.685240,8.512453,111.733702862613,-17.9872732426896
7.2032976,24.715135,23.302995,8.813399,8.268281,112.199809769385,-20.2919433303348
7.235752,25.137774,23.293187,8.980992,8.043642,113.194738259331,-21.7096026590181
7.268248,25.723704,23.057805,9.000709,7.740869,115.181283354459,-23.6946509744397
7.3069984,26.319240,22.910692,9.030284,7.447862,117.228705254628,-25.523541115641
7.3357936,27.183728,23.047998,9.069717,7.066954,120.536916309645,-27.4084738272163
7.3669888,27.971372,22.714540,8.862691,6.510241,125.049705485243,-29.9960726158289
7.432,27.702420,22.332044,8.399347,6.100032,128.529749122584,-30.4130987602163
7.4594848,27.289388,22.273199,7.827560,5.787491,132.502261428696,-29.5970391462338
7.4932144,27.058857,22.361467,7.689543,5.807025,132.930960096473,-28.7867022919419
7.5407328,26.847538,23.008767,7.541667,5.933995,133.682657610779,-26.66828427327
7.5720496,26.588192,23.832604,7.452942,6.295369,133.044826910801,-23.81642245444
7.60204,26.155948,24.313175,7.482517,6.559075,131.567561758927,-21.7527858415411
7.6432256,26.011867,24.803554,7.482517,6.793481,130.849074113982,-20.1874594833368
7.6845344,26.290424,24.077793,7.709260,6.783714,129.063498843097,-22.3801326333818
7.7157744,26.300029,23.322610,7.955720,6.793481,126.604474803095,-24.1956470540985
7.7557104,26.146343,22.469351,8.241613,6.900916,122.978446870403,-25.8361248605227
7.7870336,25.637256,22.184931,8.783824,7.750636,114.56959132128,-24.810017465137
7.8170016,25.560412,22.567426,8.980992,8.229213,111.76232734465,-23.398235518691
7.8482592,24.897638,23.302995,9.000709,9.235203,106.963113620252,-19.1983870197108
7.8882384,23.101425,23.587414,8.675382,10.407229,100.187088154658,-13.0203544948119
7.9207904,23.034187,22.949922,8.773966,10.260726,99.0519521830966,-14.4054259342448
7.9495296,23.322350,22.538004,8.980992,10.016554,98.9854643828088,-16.4229157954297
7.9932288,23.351166,22.273199,8.980992,9.997020,98.6147383777454,-16.9737747285932
8.0207872,23.216690,22.243776,9.257027,10.387695,95.1629782856935,-16.5882440948013
8.067008,24.023545,21.419940,9.680937,9.879817,95.5193962955016,-21.0817184179952
8.110704,24.475000,20.399952,10.094990,9.674713,93.3950598495597,-24.7919217670777
8.1419584,24.878428,19.821305,10.479467,9.547743,91.84077426081,-27.4123002993088
8.1720096,25.377909,19.625153,10.765360,9.616111,90.8421515987751,-28.8983380661321
8.2045024,25.627650,20.076302,10.785077,9.684479,91.8750393524648,-28.3240728126441
8.2432096,26.031078,20.841293,10.203432,8.824993,100.78968836027,-28.2266664068915
8.274504,26.223186,20.851100,9.947114,8.385483,104.4520203329,-28.9494967939904
8.3057712,26.559376,20.380337,9.759805,7.809237,107.887513379294,-31.2311315053401
8.3457568,26.520954,19.889958,9.730229,7.555298,108.310879727204,-32.6247863226745
8.375728,26.837933,20.713794,9.621787,7.486930,111.246740560673,-31.4255488163148
8.40948,26.703457,21.704360,9.197876,7.467396,114.923955320903,-28.6538622222803
8.4394816,26.472927,21.694552,9.059859,7.418561,115.442706094937,-28.1852645216151
8.4782736,25.521991,21.753397,8.842974,7.838538,112.878705501213,-25.3721632735042
8.50824,25.329882,22.577234,8.892266,8.326882,111.331985088288,-22.6725109205658
8.53948,25.493174,23.116651,8.902125,8.365950,112.31660886355,-21.9048244509785
8.5832256,25.089747,24.058178,8.458497,8.561287,114.438529209663,-18.4646624171333
8.6094688,24.599870,24.519134,8.064162,8.375716,117.23433853762,-16.463105536536
8.6508,24.321313,25.038936,7.797985,8.297581,119.341038358288,-14.7445267393
8.6857824,24.052362,25.421431,7.482517,8.170612,121.744910172342,-13.2635555711004
8.732048,23.879464,25.460661,7.295207,7.828771,124.229118132092,-13.1246765152786
8.7620416,23.831437,24.695670,7.255774,7.643200,124.10263771096,-14.6147818538085
8.7932464,23.754594,24.872207,7.314924,7.701801,123.649024883467,-14.1695909585856
8.8332752,24.158021,25.186049,7.551526,7.965507,122.226950215561,-14.3299952971169
8.863496,24.158021,24.852592,7.669826,7.985041,120.99063906004,-15.0843048507264
8.894536,24.119600,24.705478,7.659968,7.965507,120.838538547152,-15.2877363436376
8.945752,24.052362,24.342598,7.659968,7.955740,120.183197848071,-15.8208205559496
8.9757648,23.764199,24.175869,7.916286,8.405017,115.840928565964,-15.2671583365012
9.0069936,23.495247,24.577980,7.975436,8.903128,113.294955872456,-13.3358823630347
9.0433344,23.533669,24.832977,8.123312,9.274270,111.267733101192,-12.6170243365909
9.0783184,23.322350,24.391636,8.290905,9.469608,108.360696254344,-12.9504200987654
9.1082368,23.716172,24.175869,8.626090,9.371939,107.540639134964,-14.778693510863
9.13948,23.812226,23.754143,8.616232,9.108233,108.269359244898,-16.1068380754027
9.1907472,24.282892,22.822423,8.823258,8.678490,108.517964733361,-19.6969341340342
9.2207904,24.359735,22.675310,8.931700,8.619889,108.146720019773,-20.3879739161309
9.250752,24.811190,22.822423,9.050001,8.551520,108.98503541805,-21.2109987269355
9.2932336,24.955271,22.714540,8.980992,8.307348,110.574477985814,-21.9791319633928
9.3232464,25.233828,22.439928,9.010567,8.024109,111.827155383676,-23.524516761032
9.3644992,25.281855,22.253584,8.951417,7.897139,112.504464381157,-24.0931433510053
9.4045408,25.618045,21.920126,9.138726,7.858071,111.77491121053,-25.6590450296441
9.4358,25.906207,21.429747,9.365469,7.770169,110.730334900424,-27.6006846083798
9.4670528,25.983051,21.498400,9.385186,7.799470,110.748290622102,-27.5659336518818
9.5007584,26.079105,21.547438,9.542920,7.897139,109.756912103793,-27.6876769724327
9.5369824,26.069499,21.057060,9.641504,7.838538,108.662602107063,-28.8904329469241
9.5682688,26.107921,20.880523,9.769663,7.819004,107.880753566316,-29.5361236268064
9.5983072,26.127132,20.674564,9.769663,7.916673,107.062056077893,-29.7790199380488
9.6332544,26.031078,20.811870,9.868247,8.014342,106.184922798114,-29.3222292454951
9.6695296,25.762126,21.488593,9.602070,8.278048,106.945793178321,-26.6620050648357
9.7007824,25.473963,21.920126,9.424619,8.512453,106.932803948407,-24.6574541037456
9.73328,25.301066,22.449735,9.365469,8.698024,106.973767968891,-22.9595096609915
9.7832624,25.080141,22.567426,9.247168,8.795693,106.885675387677,-22.0085684785724
9.8135904,24.743952,22.322237,9.119009,8.619889,107.291851973383,-22.0025778922459
9.8432768,24.542238,22.616464,9.020425,8.756625,107.275943685418,-20.7084499146244
9.8845392,24.455789,22.881269,8.921842,8.766392,108.030598680525,-19.8973954491551
9.9132992,24.234865,22.832231,8.695099,8.551520,109.700630601178,-19.6052295905661
9.9444848,24.282892,23.018575,8.823258,8.746858,108.539917474275,-19.2205392098237
10.0120384,24.148416,23.136266,8.773966,8.893362,108.037077649399,-18.4313848459718
10.0457792,24.196443,22.900884,8.773966,8.717558,108.553433292711,-19.2507106026707
10.0783792,24.196443,23.136266,8.803541,8.756625,108.644788274179,-18.809350342823
10.1195152,24.263681,23.136266,8.734532,8.727324,109.244945721801,-18.8586680484551
10.148304,24.292497,23.361840,8.734532,8.776159,109.462882020227,-18.4197481399882
10.1807904,24.302102,23.263764,8.645807,8.580821,110.692254091198,-18.8057317929116
10.2107632,24.206048,23.234342,8.596515,8.541754,110.903501812665,-18.676487009568
10.2520416,24.081178,23.038190,8.488072,8.453852,111.302579267617,-18.7814166245747
10.2857888,24.148416,22.822423,8.626090,8.502686,110.108837840034,-19.4421994525667
10.3245248,24.129205,23.136266,8.783824,8.824993,108.286497387998,-18.5369671759483
10.362008,24.004335,23.087228,8.635948,8.795693,108.835985477098,-18.2025868008315
10.3945072,24.033151,23.352032,8.675382,8.971497,108.318213370546,-17.5393784608448
10.4232768,23.908280,22.577234,8.616232,8.629656,108.644662422702,-19.221380865175
10.4532304,23.783410,22.371275,8.645807,8.707791,107.498644271977,-19.2880516593911
10.5045088,23.850648,22.410505,8.714815,8.864061,106.585511021024,-19.1696470306237
10.5345264,23.744988,21.920126,8.626090,8.512453,107.653882778502,-20.3832006961299
10.5657744,23.744988,22.341852,8.626090,8.619889,107.906626338968,-19.401302312577
10.610736,23.696961,21.920126,8.606373,8.434318,108.0549910153,-20.410298826691
10.645784,23.821832,22.655695,8.685240,8.864061,107.133374987891,-18.6223949092017
10.6799632,24.129205,22.479158,8.793683,8.698024,107.658040588684,-19.9691579741353
10.7284608,24.158021,22.724348,8.783824,8.824993,107.588330099511,-19.3259814332234
10.7582528,24.292497,22.959729,8.823258,8.864061,107.881175792405,-19.1324907593338
10.793256,24.081178,22.400698,8.685240,8.512453,108.87699243904,-20.1822185073898
10.8407344,23.831437,23.803181,8.655665,9.215669,107.684555987808,-15.9390738706628
10.8707952,23.591302,23.812989,8.389489,9.000797,109.602281349649,-15.3988962647957
10.900784,22.928528,24.489711,7.975436,9.186368,110.748160578016,-11.9709940544574
10.942008,22.544311,25.490084,7.827560,9.655179,110.272924674916,-8.55875956714813
10.9720448,22.188910,25.156627,7.728977,9.498909,110.293254634695,-8.50047783846076
11.002032,22.150489,25.499892,7.788127,10.065388,107.798636115194,-7.07208418680511
11.0370064,22.179305,26.019693,7.866994,10.172824,107.890183307395,-6.28655502508487
11.0732416,21.795088,26.107962,7.748693,10.241192,107.59929606105,-5.09064179116697
11.104544,21.651007,26.784684,7.689543,10.719769,106.566131287589,-2.9414439609018
11.1357904,21.314817,27.108334,7.590959,10.954175,105.907470550936,-1.27698396491324
11.1757184,21.026655,27.441792,7.472658,11.247181,105.174191442204,0.424569530004995
11.205736,20.882574,27.441792,7.640251,11.481587,103.054729479099,0.714916197547161
11.2395296,20.844152,27.098527,7.778269,11.471820,101.765237199774,0.0132883327730298
11.2857648,20.709676,26.196230,7.866994,11.227648,100.544234050727,-1.58306135492859
11.319528,19.979664,25.087974,7.916286,11.208114,96.8141794346569,-1.94649282943606
11.349536,18.942279,24.783939,8.123312,11.921097,89.7148841272804,0.367544193258745
11.3802144,18.173846,24.734901,8.724674,12.809883,81.123108066777,1.96873410077783
11.4307744,17.549494,24.921245,9.069717,13.903775,73.8156304690014,4.39732628322642
11.460744,16.765370,24.391636,9.493628,15.925521,60.4937902387052,7.20765893155154
11.5032912,16.253302,24.038563,9.631646,16.815715,54.2267645387632,8.70525003051445
11.5532464,14.311312,23.185304,9.257027,18.915215,40.056626905829,15.3070690331034
11.5845056,13.441764,22.861654,9.286602,20.334321,31.2613824434527,18.5292417867686
11.6232832,12.804095,22.557619,9.355611,21.529869,23.9442324058166,20.8694581206891
11.6644992,11.934547,21.929934,9.513345,23.328051,12.636131608917,23.8268519816809
11.6958016,10.755826,20.900138,9.976689,24.125083,1.26306759745935,25.250242762432
11.7370576,10.436992,20.135147,10.499184,24.513880,-5.34409297416664,24.3531312642914
11.7895392,9.953910,19.585923,11.021678,24.951275,-11.9439071695813,24.1355151149688
11.818304,9.760677,19.468232,11.287855,25.067914,-14.2106889007939,23.9619523825651
11.8495664,9.644737,19.232850,11.810349,25.038754,-16.9421070060161,22.7097535644236
11.8919968,9.606091,18.899393,12.451145,24.883236,-19.7162823035701,20.7524752244542
11.9407488,9.644737,18.330553,12.924347,24.649958,-22.3884197993976,18.6338782793081
11.9720672,9.615752,18.114787,13.308824,24.183403,-23.0872648470773,16.9978098235653
12.0121024,9.538459,18.173632,13.318683,24.397241,-23.7868662125322,17.4841959900861
12.0433088,9.490151,18.173632,13.289108,24.659678,-24.6215266198197,17.9788784571582
12.0732432,9.519136,18.085364,13.436984,24.523600,-24.8808178750975,17.30652219756
12.1069792,9.741354,18.095171,13.575001,24.173683,-23.4049071901749,16.0786999044595
12.1444864,9.905602,18.242285,13.604576,23.687688,-20.9373342274819,15.2237255312316
12.1757696,10.176128,18.458052,13.505992,23.483570,-18.2497169165032,14.8554966300606
12.2058064,10.427330,18.634588,13.358116,23.240572,-15.5350627185683,14.54290080078
12.2457488,10.543270,18.830740,13.269391,22.890656,-13.1029090615242,14.2887274652912
12.2769984,10.813796,19.085737,13.229957,22.404660,-9.6309301715169,13.4848522090358
12.3070768,10.881428,19.115159,13.190524,22.317181,-8.89932729832402,13.3485738912137
12.3420832,10.949059,19.115159,13.279249,22.307461,-8.89615142200181,12.9927050133705
12.379504,11.200262,18.997468,13.584859,21.986704,-8.37401966413441,11.2138543387682
12.4095248,11.277555,18.889585,13.624293,21.908945,-8.36708455487702,10.7186508387498
12.439552,11.422480,18.860162,13.752452,21.899225,-8.31398918910055,10.0809460444426
12.482016,11.451465,18.713049,13.801744,21.763147,-8.47218505014693,9.53802380294733
12.5107504,11.654359,18.664011,13.939761,21.607628,-7.87210985206263,8.53927239213619
12.5732608,11.847592,18.467859,14.087637,21.335471,-7.50567680666824,7.18478202589072
12.623248,12.011840,18.369784,14.176363,21.073033,-6.7419227651717,6.15857173111787
12.6658176,11.992517,18.428629,14.205938,21.024434,-6.54383948974729,6.15137313045843
12.697408,12.118118,18.359976,14.205938,20.946675,-6.10450027453994,5.68618574232705
12.7408832,12.292028,18.252093,14.412964,20.810596,-6.08858506708533,4.55603800224402
12.7770784,12.436953,18.055941,14.531265,20.548159,-5.82771927751663,3.36495547296707
12.8095136,12.649509,18.006903,14.748149,20.188522,-4.81203325220161,1.90191687081396
12.8595104,12.881388,17.840174,14.945317,19.858045,-4.1710008314117,0.309946558344663
12.889488,13.151914,17.889212,15.073476,19.556728,-2.51656776935503,-0.858361798156448
12.9195968,13.403117,17.771521,15.241069,19.216532,-1.51383573001882,-2.37158373176603
12.9695104,13.760598,17.614600,15.418520,18.905495,-0.401679165698383,-4.12655311929705
13.0007632,14.147064,17.506717,15.507245,18.477819,1.62622417674939,-5.87028567629739
13.0320432,14.378943,17.487102,15.655121,18.254261,2.58996723591879,-6.9727556765777
13.0719968,14.649469,17.428256,15.694554,18.079303,3.73925095894748,-7.92553969386847
13.1032992,14.659131,17.349796,15.724130,17.962664,3.78621239186391,-8.3109695167595
13.133312,14.726763,17.320373,15.684696,17.982104,3.97949812523369,-8.37957632039463
13.1670512,14.610823,17.487102,15.625546,18.030703,4.18472917312459,-7.70788846106858
13.2169744,14.523868,17.526332,15.507245,18.273701,3.62368307211743,-6.87441821040314
13.2444928,14.263004,17.663638,15.379086,18.497259,2.90085121347497,-5.57100512168269
13.2745184,14.108417,17.742099,15.162201,18.652777,2.83875712987516,-4.49625414725233
13.3257504,13.953831,17.997096,14.965034,18.876335,3.09481656218271,-3.08139372501018
13.3557488,13.741275,18.134402,14.758008,19.138772,2.66284845246051,-1.65714119555399
13.387048,13.654320,18.271708,14.698857,19.274851,2.58838421990534,-0.960837002247539
13.4295344,13.654320,18.340361,14.550981,19.342890,3.0751569387421,-0.46577935060294
13.456992,13.586688,18.340361,14.521406,19.498409,2.44517918934023,-0.0434024760515648
13.4882976,13.538380,18.409014,14.521406,19.459529,2.63773293537585,0.0963414363439981
13.5232736,13.412779,18.448244,14.403106,19.498409,2.59801695875932,0.697311779342488
13.5607584,13.335486,18.477667,14.314380,19.605328,2.37739383072659,1.22962178499101
13.5907472,13.238869,18.448244,14.294663,19.702527,1.70144401665658,1.56253361236342
13.6295824,13.132591,18.507090,14.176363,19.867765,1.39033309995666,2.34136567261365
13.683288,13.006990,18.664011,14.048204,20.081603,1.22557101490785,3.38919738181968
13.7133872,12.871727,18.713049,13.910186,20.305161,0.660332337984524,4.33514929320117
13.7432544,12.717140,18.771894,13.791885,20.499559,0.0921849117033506,5.25328359967835
13.7958368,12.456276,18.850355,13.614434,20.742557,-0.741748555936004,6.61170415747387
13.8471392,12.263043,18.997468,13.505992,21.102193,-1.68765839592649,7.93776816217392
13.8810624,12.069810,19.017084,13.348258,21.306311,-2.43346354820422,8.98233753124591
13.9170528,11.992517,18.958238,13.200382,21.442390,-2.87036695100235,9.56619877648829
13.9474432,11.905562,19.026891,13.180665,21.500709,-3.05435897121312,9.96396333724461
13.9782736,11.847592,19.115159,13.220099,21.627068,-3.46324587075595,10.2879237305855
14.0195472,11.760638,19.056314,13.170807,21.685387,-4.00026915956276,10.5800655247107
14.049552,11.750976,19.007276,13.200382,21.753427,-4.50738762545771,10.5622304494929
14.0795232,11.741314,18.899393,13.269391,21.792306,-5.25225837673108,10.3435605059849
14.1146272,11.818607,18.899393,13.367975,21.675667,-4.92523118702375,9.81196539540034
14.1507952,11.876577,18.860162,13.397550,21.559029,-4.591355357984,9.41730464574945
14.1810928,11.924885,18.811124,13.515851,21.481269,-4.71886378852476,8.89253716556932
14.2120672,12.021502,18.713049,13.584859,21.354911,-4.54718354609789,8.23852122949928
14.2533104,12.089133,18.585550,13.683443,21.277151,-4.82159349989792,7.60825258555695
14.2845344,12.176088,18.526705,13.821461,21.277151,-5.14752169010538,7.05475690002901
14.3133296,12.272705,18.526705,13.910186,21.131353,-4.6334692016234,6.46703957381582
14.3457504,12.340336,18.350168,14.077779,21.043874,-5.26137874545982,5.61246232327487
14.3870688,12.330675,18.242285,14.205938,21.053594,-6.09687615430937,5.230335183351
14.4146656,12.321013,18.144209,14.186221,21.014714,-6.29793327701149,5.0995423916822
14.4483088,12.330675,18.085364,14.265088,21.092473,-6.94987175289858,4.94300577479807
14.5064352,12.253381,18.222670,14.196079,21.141073,-6.67552619014643,5.50532447663386
14.537032,12.176088,18.163824,14.196079,21.199392,-7.33490600359122,5.66493794035601
14.5695376,12.214735,18.124594,14.156646,21.131353,-7.00970147532508,5.51706399419515
14.6082352,12.156765,18.232477,14.038345,21.170232,-6.59018750023084,6.08851961829762
14.6395152,12.098795,18.369784,14.048204,21.238272,-6.54741720171906,6.47305425726819
14.6708064,12.137442,18.507090,14.018628,21.257712,-5.89635754884419,6.66973132094369
14.7033232,12.137442,18.458052,13.959478,21.131353,-5.50087044706265,6.55201727607149
14.7420368,12.118118,18.595358,13.870753,21.034154,-4.51350569651886,6.8336566532435
14.7720864,12.137442,18.703241,13.791885,21.092473,-4.00435716112992,7.18675636632494
14.8020512,12.147103,18.811124,13.722877,21.053594,-3.25992624547036,7.40581475067577
14.8419936,12.089133,18.899393,13.722877,21.073033,-3.21468223977106,7.6745731290713
14.873264,12.079472,19.056314,13.535567,21.199392,-2.51393131081663,8.47357237652991
14.9145088,12.050487,19.085737,13.456700,21.228552,-2.35784857093538,8.78079622340867
14.959512,11.973194,19.183812,13.289108,21.286871,-1.9452081705802,9.51125740662739
14.9932528,11.857254,19.340734,13.091940,21.461830,-1.7339250937764,10.6220017958698
15.0270128,11.799284,19.468232,12.993356,21.539589,-1.42846157422816,11.2284992038083
