0.0335744,16.373953,17.663638,14.952550,16.971234,1.0207817400836,2.77017420146839
0.0646832,16.383609,17.604793,14.991970,16.932354,0.862556755569453,2.52049314958331
0.0959232,16.431888,17.526332,15.021535,16.883754,0.830982165001862,2.16991951898419
0.135952,16.412577,17.457679,15.100376,16.825435,0.480930611431285,1.85202871382068
0.1671872,16.499480,17.418449,15.110231,16.767116,0.797347286996741,1.51541984642725
0.197168,16.489824,17.398833,15.110231,16.805995,0.572149214451245,1.56486960262171
0.2596544,16.528447,17.447871,15.238346,16.786555,0.483913207517374,1.3145707498857
0.288456,16.567071,17.379218,15.139796,16.747676,0.853391130353868,1.24297650259933
0.3197056,16.557415,17.330180,15.208781,16.631037,0.827980798614814,0.859498216923031
0.3634784,16.615350,17.192874,15.189071,16.601877,0.740503076857194,0.511223338694809
0.3921152,16.625006,17.241912,15.179216,16.553278,1.12710742932273,0.512318616693105
0.4458992,16.702253,17.310565,15.169361,16.601877,1.45999181157134,0.589012672488742
0.4921408,16.750532,17.212489,15.198926,16.601877,1.20099667084414,0.28514716543251
0.5234272,16.387238,17.124221,15.228491,16.465799,0.116266792862194,0.504050219483306
0.5534688,16.339211,17.134029,15.317187,16.475518,-0.342542270427174,0.463940179065235
0.594768,16.473687,17.084991,15.376317,16.426919,-0.102609954179533,-0.0490368227873383
0.6246608,16.531319,17.094799,15.386172,16.368600,0.279504516448279,-0.252137971320913
0.6559136,16.531319,16.996723,15.386172,16.368600,-0.0364386118529545,-0.419353120114763
0.6884576,16.569741,17.035953,15.415737,16.349160,0.179305650841967,-0.506797648942344
0.73716,16.579346,17.026146,15.465012,16.329720,0.0771074982169679,-0.661520645324916
0.76968,16.694611,16.967300,15.533997,15.906989,1.46849057258208,-1.81699198268307
0.7984096,16.742638,16.888839,15.593127,15.867914,1.30173918767606,-2.21032753403477
0.848504,16.829087,16.761341,15.593127,15.779997,1.47226422309147,-2.73858546961326
0.8784288,16.848298,16.829994,15.671968,15.731154,1.65138169902701,-2.87601542232477
0.9096592,16.857903,16.771149,15.800083,15.838608,0.685028297665638,-3.03186644738458
0.9534464,16.848298,16.820186,15.750808,15.838608,0.980321075339012,-2.84335476679829
0.9809136,16.694611,16.702495,15.691678,15.789765,0.475370820020258,-2.76142015538699
1.0122016,16.733033,16.771149,15.711388,15.779997,0.787412380462804,-2.76043524014076
1.0436832,16.656190,16.761341,15.681823,15.828840,0.441154327455491,-2.50487247638418
1.08844,16.617768,16.869224,15.652258,15.994907,0.198213804040454,-1.90780321603801
1.1334928,16.608163,16.918262,15.642403,16.329720,-0.779590497569902,-1.211625391999
1.167216,16.550530,16.928070,15.583272,15.906989,0.708663821117373,-1.71714127350135
1.2046816,16.483292,16.879032,15.612838,15.936295,0.130354131766902,-1.68454472008947
1.2359472,16.512108,16.888839,15.593127,15.926526,0.356613453285084,-1.70064463431375
1.2659568,16.464081,16.908455,15.622693,15.985138,-0.0376045551156485,-1.53216282509574
1.3071984,16.550530,16.928070,15.652258,16.329720,-0.967377382132145,-1.11033371512005
1.3372016,16.454476,16.918262,15.602982,16.397759,-1.37351139399828,-0.752910643342038
1.3684304,16.512108,16.918262,15.612838,16.368600,-1.12152705051226,-0.922633914353361
1.4009424,16.492898,16.849609,15.632548,15.955832,-0.068395621458043,-1.75374832250898
1.4484352,16.569741,16.898647,15.612838,15.985138,0.306351193284216,-1.71907214635888
1.4800016,16.531319,16.869224,15.662113,15.867914,0.319713483122669,-1.99302851960883
1.5137488,16.579346,16.829994,15.701533,15.926526,0.0124182179076326,-2.11390475469556
1.5609008,16.675400,16.820186,15.691678,15.897220,0.425289701826534,-2.33400165691102
1.5921728,16.646584,16.761341,15.681823,15.858146,0.309517121053903,-2.43670758940127
1.6234112,16.665795,16.790764,15.681823,15.858146,0.466853824008253,-2.41917883606405
1.6734208,16.617768,16.820186,15.662113,15.819071,0.608461876638435,-2.31654917555046
1.7059664,16.656190,16.839802,15.642403,15.877683,0.662451086706799,-2.21313521333734
1.744656,16.608163,16.928070,15.642403,15.916757,0.658314034496747,-1.9069092452381
1.7972096,16.627373,16.918262,15.642403,15.916757,0.688633987933001,-1.95787146965081
1.8259376,16.617768,16.928070,15.642403,15.887452,0.78975846748056,-1.97475924490817
1.8572176,16.694611,16.790764,15.622693,15.887452,0.662284529372926,-2.31459941845268
1.8971648,16.665795,16.820186,15.652258,15.887452,0.562815286514307,-2.2646234295154
1.928488,16.742638,16.859417,15.662113,15.740922,1.40664831318934,-2.60462208157122
1.9584144,16.771455,16.820186,15.691678,15.838608,0.935835080242606,-2.60510686246775
1.990936,16.800271,16.859417,15.731098,15.770228,1.25403326130606,-2.7756911656408
2.0297168,16.867509,16.741726,15.740953,15.692079,1.32651133460439,-3.25374852092523
2.0596736,16.867509,16.751533,15.701533,15.653005,1.62840298199095,-3.23625774353982
2.0909808,16.877114,16.702495,15.770518,15.604161,1.43207513455755,-3.54606544371677
2.1321456,16.934747,16.702495,15.740953,15.711616,1.34939406154556,-3.40577810554719
2.1659216,16.934747,16.741726,15.790228,15.584624,1.74291036213315,-3.64620138937812
2.1934848,17.001985,16.731918,15.819793,15.613930,1.72445366449765,-3.78018652414866
2.2246944,16.934747,16.751533,15.829648,15.643236,1.43709567769029,-3.59430932604599
2.2647184,16.944352,16.682880,15.770518,15.594393,1.61897522618721,-3.71519698358154
2.2947152,16.905931,16.702495,15.681823,15.545550,2.03361816015488,-3.54493086939748
2.3247024,16.877114,16.731918,15.731098,15.633467,1.5616331968237,-3.37367984919614
2.3734864,16.877114,16.751533,15.790228,15.760459,0.984955197889725,-3.21933575438977
2.4159536,16.848298,16.682880,15.760663,15.770228,0.738932013728584,-3.22070691067474
2.4459808,16.829087,16.692688,15.809938,15.711616,0.740627841652962,-3.35901669669751
2.4883952,16.886720,16.722111,15.809938,15.662773,1.18879775116812,-3.49374479554929
2.5171984,16.819482,16.692688,15.731098,15.711616,0.980458961861126,-3.20434899040814
2.5484416,16.896325,16.653458,15.731098,15.770228,0.900368844919978,-3.30466937077551
2.5786,16.733033,16.731918,15.721243,15.867914,0.325433082704647,-2.69255444796742
2.6309248,16.761849,16.761341,15.770518,15.897220,0.244774989935331,-2.72694971564403
2.6596928,16.723428,16.849609,15.671968,15.975369,0.475181763226142,-2.1967492349442
2.6934256,16.646584,16.829994,15.681823,15.926526,0.297313958343967,-2.19776135827122
2.7309536,16.608163,16.849609,15.662113,15.994907,0.0701101881431612,-1.94227229628471
2.762224,16.569741,16.820186,15.524142,16.004675,0.289479463590116,-1.66399776834335
2.7921536,16.569741,16.859417,15.602982,16.349160,-1.02630050603801,-1.14149427407142
2.8271856,16.521714,16.908455,15.563562,16.378319,-0.988280327675577,-0.852376586757257
2.8637552,16.502503,16.898647,15.533997,16.417199,-1.1137840117604,-0.715947601221071
2.8947024,16.492898,16.879032,15.484722,15.946063,0.567978983101497,-1.45675927239309
2.9259744,16.425660,16.800571,15.543852,15.955832,-0.142127168834391,-1.56169572279681
2.9759088,16.464081,16.810379,15.524142,16.349160,-1.2608576792867,-0.89797913114203
3.0271664,16.454476,16.888839,15.563562,16.407479,-1.36847856884833,-0.716509282540676
3.0609104,16.598557,16.849609,15.632548,16.329720,-0.999076082215937,-1.29502171345547
3.0984512,16.569741,16.859417,15.681823,15.985138,-0.0564023399158655,-1.909146883913
3.1305024,16.540925,16.859417,15.622693,16.329720,-1.12052169656464,-1.15873111715889
3.1596768,16.560135,16.810379,15.602982,15.965601,0.0902385673207995,-1.87175329794798
3.2108976,16.550530,16.908455,15.602982,15.965601,0.376614796564959,-1.68444086038028
3.2409072,16.483292,16.839802,15.681823,16.368600,-1.7024520757307,-1.12831711120686
3.2721808,16.473687,16.908455,15.543852,15.994907,0.230155468376557,-1.39213751617289
3.3121792,16.406449,16.869224,15.593127,16.426919,-1.75394538245262,-0.68394574552909
3.3434096,16.377633,16.957492,15.612838,16.417199,-1.59454291430142,-0.533476981395603
3.3734112,16.406449,16.928070,15.524142,16.485238,-1.52670755912395,-0.360854358826606
3.4073024,16.329605,16.947685,15.514287,16.485238,-1.6793154898674,-0.172529123885197
3.4446736,16.348816,17.075183,15.504432,16.592157,-1.53103922995211,0.20873321658011
3.4759904,16.682941,17.055568,15.445302,16.572718,-0.252581940638748,-0.347050090830637
3.505928,16.663629,17.173259,15.514287,16.737956,-0.726099942206297,0.0422151849520818
3.5471936,16.538103,17.241912,15.386172,16.689356,-0.313708099667504,0.526603601147046
3.5784336,16.518791,17.094799,15.336897,16.699076,-0.714520709080918,0.418021712142548
3.60968,16.509135,17.124221,15.277766,16.640757,-0.25357921026193,0.492407915213155
3.6521792,16.509135,17.261527,15.258056,16.757396,-0.140864494843098,0.954373085832489
3.7084496,16.499480,17.300758,15.228491,16.805995,-0.110468218671191,1.17149438113441
3.7409104,16.567071,17.339988,15.248201,16.776836,0.262753326207385,1.03187533814366
3.774664,16.431888,17.310565,15.149651,16.854595,-0.193390781870852,1.53218431760321
3.8134624,16.499480,17.359603,15.149651,16.864315,0.147000718098234,1.5083047313298
3.8434144,16.489824,17.438064,15.051101,16.912914,0.535458817012068,1.91406555421581
3.8759968,16.412577,17.457679,14.972260,16.980954,0.388135669134327,2.34125757960729
3.9234048,16.393265,17.555755,14.952550,17.136472,0.180633092316975,2.82920939754504
3.9547136,16.325674,17.555755,14.834290,17.146192,0.331548242310324,3.18317163080452
3.9846944,16.354641,17.536140,14.824435,17.087872,0.592206928164778,3.02052345009597
4.025936,16.325674,17.555755,14.785015,17.039273,0.861061473314622,3.09773315075745
4.0559024,16.296706,17.594985,14.735740,17.097592,0.863083836981772,3.40086931879822
4.0872192,16.316018,17.663638,14.814580,17.087872,0.908843371705617,3.31786942110257
4.1184512,16.393265,17.575370,14.785015,17.097592,0.941053792056373,3.10227972060177
4.1572,16.422233,17.614600,14.834290,17.010113,1.28759111296956,2.8806459437141
4.1884528,16.460856,17.585177,14.785015,16.961514,1.64964901645228,2.77176689325609
4.2184576,16.402921,17.536140,14.735740,17.000393,1.34480123499746,2.95045269643976
4.2634896,16.422233,17.545947,14.656899,16.980954,1.77287495707211,3.04337238463992
4.302216,16.480168,17.506717,14.775160,17.078153,1.09854385261889,2.81735926172499
4.3322032,16.499480,17.565562,14.824435,17.117032,1.04807491331831,2.85315820742656
4.3759392,16.480168,17.516524,14.804725,17.068433,1.0623940612756,2.76374786242731
4.4034816,16.422233,17.467486,14.863855,17.165632,0.192397923200463,2.84069445055543
4.434688,16.431888,17.438064,14.794870,17.126752,0.494153844128657,2.83637554853413
4.4684688,16.383609,17.398833,14.765305,17.126752,0.314565191963101,2.91371420080735
4.5046912,16.364297,17.369411,14.932840,17.155912,-0.506698618221277,2.64336957458571
4.5359504,16.354641,17.438064,14.991970,17.185072,-0.61491155459943,2.71441879189197
4.5659488,16.296706,17.310565,14.863855,17.165632,-0.712952513264004,2.81107517939996
4.602216,16.277394,17.261527,14.952550,17.155912,-1.1996614729635,2.58761915599566
4.6384384,16.258083,17.173259,14.982115,17.262831,-2.00628762997022,2.59975921096965
4.668432,16.190492,17.310565,15.070811,17.369750,-2.43537756420254,2.96316998957019
4.6984608,16.084277,17.222297,15.031391,17.330870,-2.80395201418898,3.01981599489833
4.7521792,16.026342,17.232105,14.972260,17.447509,-3.15261362199583,3.44163585850974
4.779744,16.093933,17.173259,14.991970,17.437789,-3.15750316464952,3.16934777094908
4.8109536,16.055309,17.114414,15.031391,17.534988,-3.93010948308298,3.23083624206566
4.8521904,16.093933,16.888839,15.080666,17.661347,-5.12413540846779,2.90734950817516
4.8810784,16.007030,16.643650,15.189071,17.768266,-6.92914494117429,2.64014980977435
4.9146976,15.958750,16.506344,15.258056,17.943224,-8.34438934096956,2.66460361759363
4.9646672,15.978062,16.467114,15.248201,18.137622,-9.01073750179866,2.90289790439452
4.9934448,15.987718,16.574997,15.287621,18.059863,-8.49499540271943,2.86308798788019
5.0246816,16.142212,16.761341,15.100376,18.011263,-6.59963544157969,3.14827183209096
5.0559568,16.103589,16.810379,15.051101,17.982104,-6.3086533558865,3.34086851584894
5.1072224,16.055309,16.888839,14.922985,18.020983,-5.91661491066321,3.854726894494
5.1372096,16.026342,16.800571,14.991970,18.059863,-6.65637232555358,3.70098141019048
5.1672016,15.997374,16.682880,15.070811,18.098743,-7.52591659641125,3.48112400766266
5.2084144,15.987718,16.565189,15.238346,18.438939,-9.59268819439657,3.5554400506293
5.2396496,15.929783,17.174923,15.346752,18.429219,-8.09016581440783,4.42890307428291
5.269728,15.813912,16.827717,15.277766,18.118182,-8.39019663505146,3.70587519007736
5.3034752,15.852536,16.976519,15.179216,17.904344,-6.75316887282033,3.70965402005882
5.3409104,16.373953,16.682880,15.021535,17.408629,-3.84544052739212,1.74561679914289
5.3721632,16.586382,16.977108,14.922985,17.155912,-1.02076088331262,1.60882465777772
5.4022096,16.848298,17.300758,14.676609,16.446359,4.11998691664013,0.933544161153752
5.4421472,17.366991,17.457679,14.499219,15.477169,10.2808766155802,-1.06764400097452
5.47344,17.578310,17.683253,14.499219,15.291565,12.2900320282446,-1.37518386212539
5.5047072,17.664759,17.575370,14.597769,15.330640,11.7291498586214,-1.82197626277776
5.5334928,17.607126,17.339988,14.883565,15.535781,9.07919575729126,-2.27604496177189
5.578416,17.434229,16.751533,15.189071,15.789765,4.73734132461409,-3.09107979973536
5.6159392,16.973168,16.659074,15.770518,16.543558,-1.58970271214851,-2.15425777839228
5.64844,16.723428,16.460670,16.233705,16.883754,-5.69960664296186,-2.28170918873104
5.6971856,16.502503,16.292027,16.657471,17.253111,-9.53949661601176,-2.2893754114494
5.7271568,16.502503,16.083703,16.398085,16.835155,-8.04549529074309,-2.91598141969892
5.7584176,16.473687,16.232506,16.529356,16.349160,-6.48605679386805,-3.68006710155296
5.809656,16.608163,16.837637,16.351965,15.535781,-0.754185175602107,-3.97137160594388
5.8397088,17.011590,16.643650,16.007039,15.027812,2.85251603985628,-5.32166809485208
5.8709536,17.539888,17.526332,15.405882,13.972801,13.1898416686946,-5.5066596086645
5.910896,18.778987,18.781702,14.449944,12.419589,30.007477443101,-6.53524319072028
5.940968,20.162167,20.929561,13.188499,10.807765,50.9468589564984,-5.77335122012024
5.972208,21.996802,23.401070,11.414593,9.567150,73.7170615848544,-3.70873296952393
6.00596,23.149452,24.450481,9.335181,8.863808,90.8215255149223,-1.51020422571177
6.0421504,24.061967,24.499519,7.324754,8.101855,106.192720892952,-0.783622254784753
6.0722176,24.628687,24.126831,7.236059,7.750185,108.780719582913,-2.92568071622833
6.1034192,26.021472,23.528569,7.393739,7.242216,111.84834856517,-7.6443611258999
6.1433968,27.260571,22.822423,7.630260,6.890546,113.25865977579,-12.0844927363257
6.1747104,28.749411,22.410505,7.916056,6.577950,114.992091731334,-16.2778186438917
6.2259296,29.546661,22.498773,7.994896,6.343503,117.058113656215,-17.8867765555256
6.2659232,29.018363,23.391263,7.285334,6.294659,121.475791388161,-14.3801257584446
6.2977744,28.182691,23.989525,6.969973,6.490032,121.782171317366,-11.0645879485876
6.328424,28.826254,24.107216,6.989683,6.275122,123.81828858161,-12.3048233455089
6.3597232,29.392974,24.146446,6.841857,5.884377,127.42569596479,-13.6206805486546
6.4084576,30.411148,23.077420,6.477221,4.975895,134.218911300873,-18.4568668057801
6.4396608,32.024859,21.145328,6.447656,4.145561,138.647124254451,-26.5145192408808
6.4684944,32.601184,20.939369,6.398381,3.901346,140.724364630821,-28.231177001594
6.5197344,33.302379,20.919753,6.161860,3.608287,144.473668740191,-29.5559404417025
6.550952,32.841319,20.615719,5.925339,3.569212,145.276407064013,-29.3539004751
6.5810288,32.774081,20.635334,6.004179,3.705973,143.971182609168,-29.0221512062906
6.6209408,32.966190,21.302249,6.408236,4.155330,140.030848382216,-27.4188811347237
6.652192,32.630000,21.606284,6.536351,4.360471,138.141535841,-26.0503778658613
6.690912,31.131555,21.145328,6.339251,4.643761,135.406503129781,-23.9991260543357
6.7246864,31.323663,20.664756,6.832002,4.770753,131.578226416958,-25.7510688730681
6.7622208,32.341837,20.262646,7.718955,5.141961,125.518363189287,-28.4695838025702
6.7934432,31.996042,20.380337,7.778086,5.337334,123.870002458265,-27.4153636635708
6.8247136,32.380259,19.772267,8.103302,5.181036,122.679464176627,-30.0034676387698
6.8771584,32.178545,20.694179,7.906201,5.435020,123.339105960444,-26.9747754335351
6.9047136,30.363121,22.910692,7.098088,5.913683,125.585474512852,-17.8015226320735
6.9360016,28.903098,23.656067,6.230845,5.698773,130.483208916241,-13.1636304641552
6.978464,28.230718,25.048743,5.688818,5.874608,133.365940110429,-8.21520634679149
7.0059936,27.241360,25.892195,5.452298,6.353271,131.865820423132,-3.73442283487346
7.0371968,26.040683,26.637571,5.334037,6.812397,129.450032985928,0.701880958783307
7.069728,24.801584,26.843530,5.353747,7.271522,125.524305139721,4.07595316017495
7.109712,25.742915,26.264883,6.319541,7.672036,118.788701976277,0.290113151838213
7.139744,25.618045,26.284498,6.605337,7.984632,115.572750012198,0.559766373524754
7.1709632,25.781337,25.431239,6.496931,7.359440,118.37585055746,-2.04988921484227
7.2109312,25.935024,25.166434,6.418091,7.164067,119.662172992707,-2.98747993462753
7.240968,27.356625,24.058178,6.743307,6.773322,120.446164635003,-8.68600691776168
7.2722112,27.990583,23.607029,7.098088,6.861240,118.382196533844,-10.9822571971342
7.3046992,28.720595,23.244149,7.689390,7.076150,114.772039890511,-13.3510622766003
7.343408,29.027968,23.293187,8.054026,7.427820,111.713429960053,-13.6426183666135
7.3746784,29.152839,22.273199,8.418663,7.242216,109.50256835633,-16.637237508264
7.4047136,29.757980,20.753025,8.871994,6.880777,107.646461769411,-21.8654082997675
7.4471936,30.411148,19.017084,9.276051,6.323965,106.707829032476,-28.0976368531977
7.4859424,30.987473,18.801317,9.512572,6.402114,105.701600234747,-29.4882915773996
7.529792,30.929841,19.831112,8.891704,6.118824,111.762473957686,-26.9909252135668
7.56976,30.756943,21.302249,7.295189,5.210342,126.715094062123,-23.3226497051775
7.5972656,31.458139,22.106470,5.718383,4.018569,143.979373439451,-22.8502799126964
7.6271952,31.573404,23.312802,5.570558,4.380008,144.129836560938,-19.5652216805087
7.660936,31.352479,23.410878,5.540993,4.487463,143.563191738897,-18.7743931747845
7.698456,31.611826,22.626272,5.876064,4.516769,140.955190324786,-21.194504883061
7.7297792,31.342874,22.959729,6.319541,5.122424,135.224922027793,-19.5596412610166
7.7596656,30.295883,23.548184,6.694032,6.001601,127.967319326746,-15.6945260900511
7.8009008,29.585082,22.940114,6.733452,5.952757,126.347089684904,-15.9288759595888
7.8313248,29.085601,23.018575,6.634902,5.982063,126.172262471351,-14.784013903969
7.862224,28.317167,23.950295,6.487076,6.363040,125.135815977916,-10.8097677897502
7.8946976,27.836896,24.293560,6.319541,6.441189,125.434159165833,-8.95880406735083
7.9447248,27.980978,24.421058,6.161860,6.206742,127.897108039272,-9.13429182387879
7.9734624,28.125059,25.323355,5.767659,6.030906,132.283709707317,-7.38283454488223
8.0046768,27.923345,25.980463,5.659253,6.431420,131.254014822531,-4.96993965321221
8.0546976,27.740842,26.039308,5.915484,6.665867,128.491143889087,-4.58157302341359
8.0846992,26.194370,26.196230,5.905629,7.320365,123.305242941292,-0.486481231616072
8.133496,25.416331,26.765069,5.826789,7.515738,122.411733639116,2.3374102258488
8.1759744,24.849611,27.647751,5.393167,7.515738,125.123766776074,5.62893672675103
8.2071664,24.100389,27.922363,5.008821,7.300828,127.730638400944,7.8866328217781
8.2372016,24.263681,27.736019,4.870851,6.998001,130.117330239978,7.04699050346101
8.278488,24.484605,27.892940,4.870851,6.978463,130.697945546215,6.84295140451153
8.30976,24.715135,27.186795,5.048241,7.046844,128.748168115905,5.01539948541638
8.3397024,24.743952,26.304113,5.481863,7.183604,124.507714418438,2.88876294400927
8.3709696,24.801584,25.421431,5.846499,7.427820,120.062770285195,1.00424328615523
8.4122208,25.349093,24.018948,6.772872,7.496201,113.493089709259,-4.0346824619682
8.4422096,25.800548,23.911064,6.969973,7.564581,112.624234914948,-5.24528497835033
8.4722272,26.665035,23.891449,7.354319,7.593887,111.771957900576,-7.3576629870258
8.5146704,27.049252,24.322983,7.275479,7.515738,113.783175064734,-7.23103628036158
8.5433936,27.423863,24.754516,6.418091,6.529106,124.500846037282,-7.42589487006402
8.5746736,28.057821,25.333163,5.964759,6.060212,130.987338538789,-7.52952619793347
8.605968,28.326773,25.666621,5.846499,6.040675,132.454347210991,-7.21476090571848
8.6459104,27.635183,26.304113,5.560703,6.187204,133.142383532336,-4.17040233438957
8.688464,28.134664,25.911810,5.698673,6.021138,133.420486990113,-6.24178285291376
8.7184496,28.509276,25.470469,5.777514,5.767153,134.293044838154,-8.25259571738449
8.7759392,28.509276,25.401816,5.945049,5.982063,132.141410941403,-8.26415625860222
8.8096736,27.587155,25.254702,5.531138,5.806228,134.092628160692,-6.60207010371174
8.8409616,27.087674,25.411624,5.156647,5.640161,136.723306901734,-5.09545230650178
8.879664,27.212544,24.744708,5.225632,5.474095,136.640805735275,-6.98562025378987
8.909648,27.913740,23.960102,5.885919,5.796459,130.992316685184,-10.1996790686394
8.9422512,28.038610,23.911064,6.595481,6.480263,123.512266537141,-10.3858725773471
8.9809088,28.259535,23.352032,7.098088,6.587718,119.829461806659,-12.4064666225406
9.0109072,28.797438,22.381082,7.167073,6.060212,121.655799264785,-16.2639213345462
9.0421856,29.200866,22.253584,6.891132,5.591318,126.047866810089,-17.6522639439775
9.076048,29.729164,23.283379,6.694032,5.581550,129.169415369803,-16.1451623290834
9.1121664,30.132591,23.881642,6.280120,5.249416,134.415532666371,-15.6125757473041
9.1459184,30.324700,23.950295,6.191425,5.200573,135.465370618282,-15.7339479498761
9.1734688,30.468781,24.646633,6.023889,5.268953,136.950367263212,-14.23820439638
9.20716,30.324700,24.793746,6.023889,5.317797,136.68961908174,-13.6461194546554
9.2434208,30.651284,24.607402,6.063310,5.151730,137.529686815877,-14.8759869565099
9.274672,30.680100,24.342598,6.023889,4.995432,138.335362820175,-15.6625529417248
9.3047584,30.545624,23.950295,5.836644,4.829365,139.707328082504,-16.2482967290465
9.3471952,30.017326,24.067986,5.747949,4.936820,139.153132724683,-14.8465379944276
9.3834592,29.633110,24.136639,5.826789,5.093118,137.490430300134,-13.926756246437
9.4297552,29.719558,23.656067,5.747949,4.975895,138.141878998136,-15.1045461292809
9.4709696,29.690742,23.116651,6.240700,5.200573,133.475023068924,-16.4579598619402
9.5009536,29.508239,23.204919,6.289975,5.435020,131.795260951873,-15.6116050083165
9.5309504,29.546661,23.175496,6.349106,5.425252,131.535161914037,-15.8418446189885
9.5809216,29.623504,23.607029,6.112585,5.239648,134.470899077117,-15.1086561277501
9.6121504,29.834823,23.587414,6.043600,5.220110,135.184865317012,-15.4091024061639
9.6434208,29.825218,23.763951,6.230845,5.483863,132.907944131346,-14.8326846940015
9.6872224,29.671531,23.126458,6.418091,5.522938,130.716499617305,-16.0492424153707
9.7246608,29.681137,23.165689,6.950263,6.245816,124.064759631575,-15.4102516753244
9.7547008,28.979941,23.057805,7.226204,6.607255,119.649467011667,-14.2679532433046
9.788456,28.576514,23.087228,7.561275,7.046844,115.13782865237,-13.2751423927824
9.825952,28.509276,22.832231,7.571130,7.046844,114.621112681168,-13.6655959830224
9.8587696,28.259535,22.616464,7.433159,6.861240,115.609077861218,-13.8192625690635
9.8909664,28.269140,22.332044,7.423304,6.753785,115.81831015161,-14.5742731687485
9.9284576,28.221113,21.723975,7.393739,6.538875,116.139477289049,-16.0684532432286
9.9596656,28.605330,21.331672,7.620405,6.392346,115.703284764186,-18.1032094097082
9.9909184,29.508239,21.106097,7.847071,6.333734,115.818150000566,-20.3928317503273
10.0221744,30.276673,20.998214,8.300402,6.411883,114.042521102566,-22.2397923089873
10.0809008,31.045106,19.056314,8.842429,5.982063,111.716176902699,-29.0204829520229
10.1134416,31.851961,18.369784,9.364746,5.942989,109.433673195229,-32.3549797295364
10.1434816,31.967226,18.350168,9.581557,6.001601,108.193557578238,-32.6963845615839
10.182232,31.775118,18.762087,9.394311,6.040675,109.277243519437,-31.2292407485583
10.213408,31.996042,19.105352,9.108515,5.845302,112.558687703367,-30.8265008176666
10.2434208,32.437892,19.674191,9.029675,5.864840,114.333691048138,-30.0472419695863
10.2847504,32.188151,20.380337,8.783299,6.157899,114.751527436002,-27.3202246135194
10.3156448,31.746302,21.125713,8.635473,6.265353,115.381559216051,-24.7991643123896
10.3462672,31.794329,21.723975,8.191997,6.030906,119.670371022905,-23.5316211939239
10.377296,31.803934,21.704360,7.649970,5.562012,124.839916532065,-23.7715609254843
10.4274848,31.986437,22.047625,7.364174,5.229879,128.737088628978,-23.6045851901204
10.4659456,31.727091,22.184931,6.841857,4.887977,133.208102734807,-22.9127621343575
10.5034624,31.458139,22.086855,6.487076,4.663299,135.954387140875,-22.6744942139725
10.538456,30.881814,22.567426,6.201280,4.624224,137.654563504936,-20.4914465468843
10.56968,30.411148,23.097035,5.925339,4.702373,138.832031213375,-18.1220770631837
10.6009584,30.113380,23.803181,5.678963,4.712142,140.616819645892,-15.8478050226832
10.640904,30.228645,24.332790,5.629688,4.780522,141.204512962648,-14.7825185279591
10.6746832,30.219040,25.342971,5.334037,4.731679,144.170998904099,-12.4640422532307
10.7121664,29.930878,25.441046,5.077806,4.428852,147.135308294621,-11.9771329993866
10.7534352,29.556266,25.372393,4.920126,4.223710,148.789023688017,-11.630803881817
10.7847104,29.757980,24.538749,4.792010,3.764585,151.635939820425,-14.2774771759618
10.8184816,29.978905,23.940487,4.880706,3.578981,151.860472021002,-16.361998925746
10.8487648,30.103775,23.518761,4.870851,3.608287,151.462543063436,-17.3534188017374
10.8872016,30.084564,23.302995,5.008821,3.842734,149.002172145354,-17.5049168440559
10.9184816,29.719558,23.322610,5.235487,4.301859,144.592014139584,-16.3016074743603
10.9487296,29.431396,22.577234,5.678963,4.702373,138.534049493815,-17.2561086389015
10.9884896,28.768622,24.038563,6.250555,5.903914,129.56753290333,-11.8566327947026
11.0197072,28.374800,25.166434,6.506786,6.685404,124.985229451151,-8.12331127450742
11.0497056,27.529523,24.705478,6.329396,6.607255,124.631774194657,-7.40148121475659
11.0823952,26.953198,24.234714,6.398381,6.665867,122.541871604104,-7.29633079491875
11.1196768,26.741879,24.391636,6.536351,6.900314,120.478100710469,-6.45444507314159
11.1497056,26.924382,24.028755,6.763017,7.007769,118.456881078729,-7.61668278467264
11.181,26.895565,24.313175,6.969973,7.369208,115.860255626231,-6.74453741352284
11.2134672,26.713062,24.332790,7.029103,7.388746,115.218058920787,-6.4663971682743
11.2509712,26.809117,23.754143,7.186784,7.271522,114.300178030873,-8.15523341650076
11.2824496,27.030041,23.577607,7.354319,7.359440,113.048800720749,-8.96393524379357
11.325968,26.713062,23.097035,7.423304,7.320365,111.688349168,-9.51520759136653
11.3734704,26.376873,23.263764,7.423304,7.574350,110.116273169961,-8.17170008935481
11.4034656,25.723704,23.195111,7.393739,7.613424,108.93238691737,-7.06513118995136
11.4372144,25.108958,24.283752,7.285334,8.131161,107.582880913235,-2.91135158525522
11.484712,24.513422,24.656440,6.999538,8.248385,108.090125913007,-0.484445073883924
11.5160032,23.773804,25.244895,6.841857,8.492601,107.404944957106,2.58262347666071
11.5473104,23.312744,25.244895,6.841857,8.678204,105.707201911478,3.7568702958184
11.5971744,22.582733,25.293933,6.930553,8.951726,102.722997243092,5.51378397824951
11.628448,21.430082,24.970283,7.955476,9.752754,90.9784952927552,6.54365097257242
11.6584944,21.045866,24.813361,8.497503,10.114193,85.5828099560391,6.57290041027485
11.6997008,20.354276,24.136639,9.965903,11.305965,70.5230411789909,5.9321147866814
11.729664,19.211231,22.361467,12.616907,13.904420,41.937530899826,4.48185719587466
11.7621744,18.183451,20.782447,13.631976,15.105961,26.7892654931365,3.91047781490037
11.793504,17.357385,18.595358,14.272553,15.320871,15.0877210170339,1.02876448844353
11.8321952,16.492898,17.114414,14.893420,15.760459,4.0330905195899,-0.306913552919474
11.8621888,16.412577,16.486729,15.484722,16.631037,-3.30799939852195,-0.807610797431058
11.893448,16.007030,16.887238,16.036604,17.340590,-7.4948632594277,0.809618489995318
11.934656,15.611139,16.668994,16.361820,18.254261,-13.4771690707577,2.08006831165234
11.9846816,15.176624,16.192825,16.456649,18.934654,-18.9597684902152,3.01904641851289
12.0159936,14.993163,15.627375,16.651861,19.177652,-22.8884966837853,2.47359457195134
12.0559696,15.060754,15.409132,16.993483,19.547008,-25.5303806131191,1.98917567865055
12.0859552,15.157313,14.813921,17.393668,19.235971,-27.56174164635,-0.381955692237784
12.117208,15.244216,14.496476,17.510796,19.109613,-28.3619652328291,-1.48558382587047
12.148784,15.331118,14.436954,17.618163,19.051293,-28.4067465623167,-2.02281493440832
12.1884592,15.813912,14.099669,17.930503,18.633337,-27.5754045759075,-4.6820593680144
12.2184832,16.209803,13.792143,17.940263,18.332020,-26.4007043298536,-6.43243415849363
12.2497248,16.441544,13.742542,18.018348,18.244541,-25.7233879461241,-7.19011050308968
12.2934704,16.596038,13.782223,17.979306,18.312580,-25.1207015813701,-7.18912940478013
12.3209776,16.377633,13.712782,17.969545,18.205662,-25.7971622379932,-7.1258972938861
12.351,16.454476,13.435017,18.057391,17.826585,-25.6486530841203,-8.58105514874632
12.3809232,16.348816,13.276294,18.086673,17.651627,-26.1656227192989,-9.06515809049366
12.4334704,16.425660,13.167172,18.115955,17.515548,-25.9614483318761,-9.69225439845534
12.4635104,16.560135,13.266374,18.174518,17.496108,-25.2348673894837,-9.86132602164017
12.4934224,16.636979,13.573899,18.213561,17.632187,-24.3854424725764,-9.23719444642143
12.5434288,16.896325,13.613580,18.252603,17.554428,-23.2103431036838,-9.79089968713796
12.5746896,16.982774,13.573899,18.350209,17.369750,-22.7836559843427,-10.4975588933337
12.6309152,17.126855,13.504458,18.428294,17.039273,-21.7578541925533,-11.590763734497
12.6661568,17.328569,13.504458,18.496619,16.708796,-20.2516157240258,-12.6353231671228
12.6971824,17.482256,13.504458,18.408773,16.514398,-18.8476360361128,-13.1043376111549
12.7272608,17.693575,13.742542,18.320928,15.955832,-15.2760899587844,-13.9049704004457
12.7697168,17.837656,14.059988,18.233082,15.633467,-12.3989716447858,-14.0024300037018
12.7985744,18.097002,14.139349,18.057391,15.301334,-9.62165874418275,-14.6156198438401
12.8296944,18.346743,14.317912,17.979306,15.027812,-7.04620279865762,-15.0648101846574
12.8647296,18.481219,14.536156,17.784093,14.793365,-4.46523378312023,-15.0016266802677
12.900976,18.721355,14.516316,17.891460,14.637067,-3.58273366030817,-15.877903853768
12.9328864,18.798198,14.476635,17.881700,14.607761,-3.33171514219679,-16.1141493483849
12.9621808,18.836620,14.218711,17.989066,14.578456,-4.30785183514843,-16.8947685467427
13.0110672,18.875041,14.208790,18.047630,14.549150,-4.31176023288724,-17.1189218962821
13.0434384,18.865436,14.149269,18.086673,14.607761,-4.86197024275283,-17.1654178453847
13.0734752,18.865436,14.119509,18.252603,14.588224,-5.4432073868505,-17.5129682268456
13.1234208,18.846225,14.079828,18.174518,14.588224,-5.37896039795761,-17.4433518884122
13.15596,18.817409,14.059988,18.076912,14.490538,-4.89186358580193,-17.4818895604353
13.1859632,18.817409,14.179030,17.989066,14.558918,-4.43591737518874,-16.9810408594826
13.219712,18.769382,14.258391,17.920742,14.666373,-4.46323227960424,-16.4392433055783
13.2734144,18.692538,14.377433,17.862178,14.842208,-4.71386381994023,-15.6607645252403
13.308416,18.510035,14.466715,17.774333,14.988738,-5.21349875967417,-14.7897079091981
13.3484528,18.394770,14.536156,17.735290,15.076656,-5.52538763296532,-14.2487199592122
13.382672,18.241084,14.714719,17.569360,15.203648,-5.31510798323536,-13.1668388523519
13.4110176,18.135424,14.813921,17.510796,15.320871,-5.52990250901261,-12.4990564161664
13.4435072,18.077792,14.952804,17.364387,15.311103,-4.74714149960408,-11.9319236089715
13.4946688,17.933710,14.982564,17.247259,15.438095,-5.15511806015341,-11.2199117393531
13.52348,17.770418,15.200808,17.100850,15.535781,-4.81307294222776,-10.1320309983397
13.5534624,17.731996,15.250409,17.139892,15.555318,-4.97049706063372,-10.0054711344124
13.5972128,17.693575,15.428972,16.983722,15.604161,-4.15562155945981,-9.26982897249562
13.6272544,17.616731,15.557934,16.915398,15.682310,-4.01806244838354,-8.65328705847175
13.6559216,17.674364,15.607535,16.798270,15.701848,-3.34423095520363,-8.42952996755151
13.6934496,17.607126,15.548014,16.808031,15.535781,-3.23544661797808,-8.74581475616502
13.7271968,17.664759,15.538094,16.778749,15.545550,-3.01448914952815,-8.79290585990269
13.758416,17.683969,15.637296,16.768989,15.594393,-2.75997310785583,-8.53835024501388
13.7884896,17.751207,15.637296,16.710425,15.613930,-2.41122592882914,-8.51710460789618
13.8322048,17.741602,15.726577,16.710425,15.613930,-2.15328564989576,-8.33901644217744
13.870976,17.837656,15.696817,16.661622,15.526012,-1.48048763196768,-8.63087612941855
13.9109504,17.885683,15.647216,16.554255,15.389252,-0.661826070493784,-8.87335858583977
13.9609248,18.164240,15.627375,16.573776,15.350177,0.235808531845731,-9.47108618547939
13.9922144,18.212267,15.696817,16.515212,15.369714,0.74343025326951,-9.2908807836809
14.0222048,18.221873,15.726577,16.446888,15.281797,1.40009089732935,-9.30119377428692
14.0647712,18.183451,15.845619,16.657471,15.301334,0.875138360845527,-9.32929040060618
14.0934352,18.164240,15.915061,16.608196,15.262259,1.33399531148642,-9.16210334526161
14.1234752,18.106608,15.984502,16.598341,15.272028,1.3717490586616,-8.90746455684306
14.157184,18.116213,16.153145,16.489936,15.379483,1.9388027404787,-8.24529597724373
14.2059536,17.972132,16.232506,16.381530,15.379483,2.10279694391078,-7.68570904077062
14.2359632,17.866472,16.272187,16.332255,15.467401,1.76261096490888,-7.19920505352594
14.2697248,17.789629,16.401149,16.253415,15.516244,2.02956244316719,-6.62140715417929
14.3072288,17.751207,16.510271,16.154864,15.623699,2.22256906389816,-6.00667376859153
14.3384608,17.731996,16.559872,16.135154,15.623699,2.38547024255374,-5.85339530207222
14.36848,17.741602,16.569792,16.164719,15.555318,2.57918037694846,-6.02279880045123
14.4047616,17.607126,16.698754,16.105589,15.565087,2.73013295929565,-5.45111599870867
14.440928,17.549494,16.778116,16.085879,15.672542,2.49953795209998,-4.99128843149703
14.4709504,17.568704,16.827717,16.066169,15.682310,2.74981516162814,-4.88628643573641
14.5034784,17.607126,16.847557,15.977474,15.701848,3.16837263580945,-4.73206747550125
14.5559472,17.511072,16.797956,15.800083,15.604161,3.65293867136993,-4.52463297563105
14.5834656,17.530283,16.877317,15.691678,15.828840,3.5636242856729,-3.83953028975607
14.6147552,17.443834,16.837637,15.770518,15.828840,2.89685054375682,-3.8956681553992
14.654744,17.472650,16.956679,15.662113,15.926526,3.39858160065159,-3.38201696287003
14.6859776,17.491861,16.827717,15.780373,15.906989,2.71635013140852,-3.87598712381404
14.716296,17.635942,16.728515,15.878923,15.838608,2.75473698268963,-4.58260469828641
14.7485136,17.645548,16.609473,15.918344,15.750691,2.57538312714734,-5.0291874103601
14.7972448,17.760813,16.510271,16.007039,15.701848,2.49012750428018,-5.63561694164665
14.8284464,17.885683,16.420989,16.145009,15.623699,2.39858807225908,-6.37408396310822
14.861048,17.972132,16.371389,16.115444,15.594393,2.71509394615782,-6.60958401150102
14.9084688,18.097002,16.202746,16.292835,15.467401,2.40559922433112,-7.64100873849478
14.9397424,18.231478,16.153145,16.381530,15.330640,2.83641061329947,-8.34473396107628
14.96972,18.308322,16.093624,16.401240,15.281797,2.990166782303,-8.69919195787412
15.0122064,18.385165,15.924981,16.489936,15.164573,2.79875437196127,-9.48980113498656
