0.028432,10.608190,15.563237,17.745051,22.472700,-13.5841161178706,-8.1981529330844
0.062088,10.569564,15.692182,17.549838,22.501859,-12.7994279388097,-7.50537279901134
0.1095744,10.540595,15.840964,17.383908,22.764297,-12.5771998456905,-6.52308922761002
0.1395728,10.415061,15.880639,17.120371,23.114213,-13.1373384812358,-5.18899083271192
0.17088,10.424717,15.910395,17.091089,23.094774,-12.8568421875405,-5.13492996768414
0.2133632,10.357122,15.791370,17.110610,23.162813,-13.8177565535964,-5.11056399522368
0.2408352,10.308840,15.672344,17.130132,23.308611,-14.9033558880329,-5.01465849174917
0.2720784,10.231589,15.354942,17.227738,23.551609,-17.3403055564181,-5.16129739180612
0.303352,10.250902,15.206160,17.305823,23.823766,-18.7357137383437,-5.18201851777278
0.358344,10.067430,15.007784,17.403429,23.998725,-20.9507419862455,-5.04263723404249
0.3933216,10.038460,15.037540,17.383908,23.862646,-20.5643578386293,-5.095866295006
0.427152,10.106055,15.116890,17.257020,23.765447,-19.4132360075851,-5.00157148368053
0.4645984,10.086743,15.285510,17.081329,23.716847,-18.2493914115917,-4.43637650535487
0.4959072,10.125368,15.612831,16.944680,23.736287,-16.4854836817411,-3.74931619021261
0.5308848,10.038460,15.850883,16.768989,23.969565,-16.0288905671394,-2.55959320292421
0.5770592,9.845332,15.840964,16.524973,24.183403,-16.7620759713261,-1.38067326580397
0.60708,9.748768,15.831045,16.398085,24.368081,-17.3340823955776,-0.679233580934081
0.6383344,9.613578,15.811207,16.622518,24.659678,-19.2438395027612,-0.497988834651292
0.6971504,9.536326,15.712019,16.622518,24.902676,-20.5524818525698,-0.144827972582014
0.7308896,9.381823,15.612831,16.339521,25.174833,-21.5529150821684,0.999709128564938
0.7621312,9.352854,15.553318,16.339521,25.184553,-21.9367188529778,0.994592389342287
0.8020784,9.333541,15.533481,16.652084,25.184553,-22.8562835034964,0.353677566691392
0.8333664,9.294915,15.543399,16.359042,25.184553,-22.2611339606827,1.06233431315207
0.8658192,9.323885,15.702100,16.592951,25.184553,-22.0671579006587,0.721189391543611
0.8945696,9.343198,15.662425,16.592951,25.223433,-22.244054889281,0.679804704165136
0.9333776,9.256290,15.612831,16.494397,25.310912,-22.7718844070761,1.11813706592045
0.9670512,9.285259,15.573156,16.553529,25.378951,-23.1229158991363,0.970937008077829
1.0070944,9.198351,15.563237,16.573240,25.485870,-23.8222335568907,1.23956129368349
1.0558624,9.208008,15.444211,16.652084,25.301192,-24.0148041185503,0.652490322025475
1.085848,9.246633,15.404536,16.652084,25.213713,-23.8083388914927,0.402276510250942
1.1158512,9.198351,15.454130,16.671795,25.330352,-24.1312343371731,0.683350243015958
1.1596304,9.285259,15.493805,16.378564,25.223433,-22.6455479546926,1.02732370324803
1.2070688,9.285259,15.543399,16.368803,25.272032,-22.5375195862553,1.17807861467298
1.24208,9.275603,15.543399,16.427367,25.252592,-22.6720678681832,1.04938773181599
1.2895584,9.275603,15.265673,16.534734,25.320632,-24.2341961628324,0.544893412468834
1.319592,9.285259,15.007784,16.925159,25.301192,-26.1453759704495,-0.662858986570253
1.349592,9.236977,14.839164,17.003244,25.194273,-26.9761687392547,-1.09849955623826
1.392072,9.159725,14.720138,17.130132,25.223433,-28.1637845002725,-1.32419851348729
1.4208976,9.111443,14.789570,17.149653,25.330352,-28.3729272006918,-1.02419901784129
1.450872,9.140413,14.839164,16.983722,25.495590,-28.0437399134167,-0.448638556054544
1.4858464,9.082474,14.928433,16.944680,25.476150,-27.7756720102441,-0.152420893671835
1.5221088,9.101787,14.948271,16.866595,25.563629,-27.634956486275,0.114371344546957
1.5546,8.976253,14.898677,16.827552,25.631669,-28.433035427168,0.483846290524603
1.5871344,8.985910,14.928433,16.759228,25.728868,-28.3362995521854,0.7764982786749
1.624552,8.976253,14.928433,16.895877,25.699708,-28.6285902809195,0.47114665473039
1.6546112,8.937628,14.839164,16.808031,25.796907,-29.1848821586692,0.747131284595177
1.6896064,8.976253,14.759813,16.905637,25.709428,-29.3791266147807,0.238223937003784
1.7183936,8.821750,14.571356,16.915398,25.680268,-30.7789516908574,0.249954243680413
1.75708,8.927971,14.283710,17.364387,25.748308,-32.7400968463755,-1.20869696104852
1.7921424,8.879689,14.174603,17.549838,25.806627,-33.963387309059,-1.56206031627549
1.8420656,8.821750,13.787770,17.920742,25.971865,-37.0658535092607,-2.51038176410116
1.8795872,8.686560,13.698500,17.959785,25.942706,-38.0555205401314,-2.47646815986802
1.909656,8.696217,13.837364,17.871939,25.835787,-36.9826084494178,-2.27132845599455
1.9408592,8.802438,14.085334,17.803615,25.767747,-35.1577314072371,-2.10161224367762
1.9833152,8.956940,14.263873,17.608402,25.660828,-33.0582044419021,-1.91958253631074
2.02208,9.053505,14.382898,17.393668,25.573349,-31.4551308857849,-1.63267354994685
2.0520976,9.053505,14.253954,17.374147,25.689988,-32.2230664845887,-1.60915889963961
2.0858704,8.995566,14.134928,17.442472,25.874666,-33.5502400276105,-1.54090779981085
2.1233568,9.005223,13.956389,17.413190,25.962145,-34.4010886465018,-1.6248174335714
2.1545904,8.995566,13.827445,17.520557,26.069064,-35.4755474360095,-1.8567882352861
2.185936,8.879689,13.619150,17.559599,26.205143,-37.2591425524747,-1.79717960258503
2.2346336,8.831407,13.658825,17.510796,26.341222,-37.4896526968413,-1.35564927157525
2.26588,8.841063,13.648906,17.540078,26.409261,-37.7058006040383,-1.35702061838563
2.295816,8.802438,13.599312,17.510796,26.292622,-37.7644164285778,-1.44333319290448
2.3371536,8.763812,13.599312,17.432711,26.244023,-37.6509203969586,-1.26722949283498
2.3671072,8.899002,13.777851,17.442472,26.137104,-36.0799117833387,-1.47040359021356
2.3975184,8.966597,13.867120,17.501035,26.049625,-35.3423819096814,-1.72899125515109
2.4313216,9.014879,13.916714,17.471753,25.884386,-34.4859015974618,-1.92687724632965
2.4882896,9.150069,13.976227,17.510796,25.738588,-33.4142348878796,-2.40465567514024
2.5195984,9.343198,14.005983,17.530317,25.398391,-31.7355115905492,-3.27130655431115
2.5533872,9.468731,14.134928,17.608402,25.213713,-30.4162903325699,-3.7643919479798
2.5895728,9.555639,14.194441,17.559599,25.427551,-30.1843494678138,-3.46083308135894
2.6208864,9.594265,14.174603,17.471753,25.398391,-29.8351561982057,-3.42896470175805
2.6508528,9.642547,13.867120,17.598642,25.194273,-30.744241401932,-4.50122658931421
2.6933536,9.623234,13.906795,17.598642,25.145673,-30.545789495507,-4.47469781708721
2.7233216,9.642547,14.125009,17.559599,25.145673,-29.4575907172879,-4.12739212179393
2.7533856,9.623234,14.144847,17.530317,25.067914,-29.2056838506874,-4.11019448980848
2.7858512,9.681173,14.164684,17.461993,25.087354,-28.7659412946942,-4.03393703339684
2.8246592,9.671516,14.244035,17.374147,25.077634,-28.2459282551637,-3.73811996548686
2.8558672,9.671516,14.273791,17.296062,25.213713,-28.2580762743393,-3.34753233357725
2.8858496,9.574952,14.363061,17.227738,25.320632,-28.3790346724465,-2.73852736264633
2.9270592,9.623234,14.412655,16.964201,25.505310,-27.7863674060962,-1.97428804253946
2.957112,9.555639,14.511843,16.768989,25.728868,-27.7217699352192,-0.992043177359438
2.9883456,9.536326,14.402736,16.671382,25.563629,-27.6364024382404,-1.12233127318875
3.020864,9.584608,14.363061,16.681143,25.456710,-27.3701168293104,-1.4435775634171
3.0583136,9.584608,14.482086,16.564016,25.573349,-26.8725833376499,-0.877951264012708
3.0933776,9.661860,14.601112,16.603058,25.602509,-26.2202818728906,-0.918538923940204
3.1446592,9.748768,14.690382,16.583537,25.417831,-25.0054531356565,-1.18778394112737
3.1812896,9.758424,14.660625,16.583537,25.165113,-24.4802868658249,-1.59363574723227
3.212176,9.874301,14.680463,16.710425,25.242872,-24.4144993285044,-1.96135343585391
3.2407984,9.797050,14.739976,16.710425,25.272032,-24.5574141341927,-1.68092114725944
3.2820976,9.845332,14.710219,16.632340,25.310912,-24.3871163850999,-1.60699240034855
3.3133888,9.845332,14.611031,16.573776,25.291472,-24.6075139696157,-1.64820554843813
3.3433984,9.806706,14.640787,16.573776,25.281752,-24.6206695090275,-1.54084499345183
3.3846592,9.845332,14.730057,16.446888,25.320632,-23.8819264237426,-1.18297442871944
3.4158656,9.777737,14.829245,16.417606,25.398391,-23.8693279171132,-0.741516487586097
3.4446208,9.835675,14.779651,16.407846,25.466430,-23.9757170675541,-0.816626408841099
3.4758304,9.739111,14.779651,16.661940,25.534470,-25.1444410010718,-1.05071766154317
3.5258096,9.671516,14.859001,16.671795,25.689988,-25.4897290557115,-0.614998136585093
3.557144,9.545983,14.779651,16.543674,25.806627,-26.3049904988801,-0.0389923748456091
3.58712,9.430105,14.829245,16.494397,25.884386,-26.6460712685717,0.475470328425597
3.6208992,9.362510,14.898677,16.385986,25.981585,-26.6119563491478,1.06527121256653
3.65832,9.188695,15.087134,16.297287,26.098224,-26.6175619540701,2.01928344865812
3.689648,9.188695,15.067296,16.307142,26.253743,-27.0895238238096,2.17549107562935
3.7208528,9.140413,15.166485,16.218443,26.331502,-26.8537943514153,2.69464228735209
3.7920752,9.005223,15.245835,16.139599,26.312062,-26.8525315728264,3.22642071080756
3.8221568,8.812094,15.444211,15.962200,26.525900,-26.916811203789,4.54582979372251
3.8558592,8.696217,15.573156,15.932634,26.487020,-26.7012937336133,4.9728037843662
3.89336,8.609309,15.771532,15.794657,26.525900,-26.0069092746004,5.75712615713414
3.9246144,8.647935,16.049259,15.774946,26.516180,-24.6399661647014,6.05004134519748
3.9558704,8.561027,15.969908,15.784801,26.535620,-25.3897692309567,6.14252800184215
3.9945648,8.541714,15.781451,15.903067,26.525900,-26.5013286685843,5.68111719124321
4.0258144,8.474119,15.751694,15.883356,26.603659,-27.0402361915805,5.93030732789417
4.0558864,8.454806,15.741776,15.952345,26.574499,-27.2549069753703,5.77378236477742
4.0908528,8.406524,15.682263,16.050899,26.671698,-28.1602441279655,5.71202209824319
4.1283232,8.483775,15.731857,16.011477,26.516180,-27.1780490862906,5.49764040052198
4.1583488,8.580340,15.811207,16.011477,26.555060,-26.5444152687431,5.43725668520512
4.1883744,8.609309,15.731857,16.011477,26.350942,-26.2696472626055,5.01874476472886
4.2295824,8.638278,15.860801,15.952345,26.214863,-25.1555900897448,5.07482208254573
4.2596864,8.609309,15.900477,15.903067,26.205143,-24.9706561627248,5.28165704648542
4.2896176,8.667248,15.821126,16.021333,26.175983,-25.2714037343913,4.76437207682273
4.3233712,8.744499,15.771532,16.041044,26.059344,-24.9262920203355,4.34473661341989
4.3633744,8.773468,15.702100,16.198732,26.059344,-25.4687515253746,3.85602457763034
4.410824,8.821750,15.523562,16.248009,26.059344,-26.1220012969726,3.41864290306212
4.4458704,8.860376,15.444211,16.405697,25.981585,-26.4793785326142,2.797914956293
4.4821056,8.927971,15.265673,16.504252,25.971865,-27.1475957465736,2.20106471974461
4.5121408,8.879689,15.335104,16.573240,25.932986,-27.1310566477898,2.19712469812177
4.5433456,8.879689,15.364861,16.553529,26.049625,-27.2361240859141,2.42918750068938
4.5858416,8.628622,15.216079,16.602807,26.234303,-29.4418605105034,2.90334117201797
4.613368,8.474119,15.126809,16.592951,26.535620,-31.1343261925372,3.52657310593117
4.6458336,8.367898,15.057378,16.563385,26.525900,-31.7829205667273,3.71525750200217
4.67596,8.309960,15.057378,16.583096,26.700858,-32.4721519386852,4.02134146251317
4.72588,8.174770,15.027621,16.494397,27.002175,-33.6514591955634,4.84753382538497
4.7582,8.068549,14.968108,16.454975,27.293772,-34.9209437784561,5.45389310453353
4.792152,7.933359,14.928433,16.405697,27.565930,-36.1611612637675,6.14334499830346
4.837088,7.856108,14.868920,16.494397,27.643689,-37.1126152679643,6.14118289624863
4.8683616,7.788513,14.888758,16.523963,27.653409,-37.4032802644888,6.26035371165134
4.8985696,7.691948,14.978027,16.563385,27.789487,-37.819017342397,6.66283138241698
4.9383024,7.595384,14.928433,16.533819,27.721448,-38.2320974122107,6.7922768069197
4.9733136,7.440881,14.868920,16.632373,27.740888,-39.4114873385411,6.86494346491529
5.0021104,7.353973,14.749894,16.514108,27.876967,-40.3426384298061,7.33558579320231
5.0558,7.325004,14.749894,16.494397,28.013045,-40.7199670355735,7.60970884990186
5.0921024,7.228440,14.819326,16.435264,27.954726,-40.5843826189811,7.9665213183154
5.1208704,7.199471,14.809407,16.435264,28.207443,-41.2980111607504,8.32614980134923
5.1558512,7.228440,14.868920,16.484541,28.197723,-40.9984339097779,8.21401434439701
5.192064,7.141532,14.739976,16.514108,28.499041,-42.6419987615595,8.54867324689188
5.2234032,6.987029,14.432492,16.612662,28.742038,-45.3823112119066,8.59428949673084
5.2534016,6.774588,14.035740,16.602807,28.887837,-48.3694236743415,8.78355815739061
5.304576,6.639398,13.748094,16.368803,29.276633,-50.5904129018642,9.73199027527463
5.3358928,6.388331,13.014102,17.013004,30.200024,-58.1623498789431,9.08114660386163
5.3658688,6.272453,12.428892,17.608402,30.666579,-63.3743645963274,7.88031197314234
5.4070544,6.195202,12.012302,17.979306,30.666579,-66.3505749906209,6.72933165982942
5.437072,5.982761,10.921233,18.887044,30.734619,-74.2538626885571,3.94021393055126
5.4683504,5.847571,10.455048,19.697175,30.997056,-78.9143480918715,2.2427551068535
5.4996368,5.615816,9.899595,20.097361,30.754058,-83.0501454395354,0.83886838489531
5.5496304,5.654442,9.740894,20.438983,30.530501,-83.830513720939,-0.470170078899574
5.5808752,5.934478,9.235035,21.405284,30.141704,-85.8256272310783,-4.25691480215124
5.6108176,5.915166,8.907714,22.293501,29.684869,-88.1973788314911,-7.10404609036102
5.6658848,5.953791,8.491124,23.298845,29.597390,-91.3979862594414,-9.86675336944804
5.7008672,5.770319,7.261191,25.846367,29.121114,-101.296731966748,-16.8352312814746
5.73336,5.461314,6.170121,26.949318,27.264613,-107.789547510599,-23.0517101544945
5.7820624,5.355093,5.525399,27.876577,25.758027,-111.252430993154,-28.2673708721303
5.8121264,5.490283,5.277428,28.852639,25.106794,-112.246122804151,-31.7969875049871
5.8433168,5.606160,5.426210,28.999048,25.553909,-111.441356723582,-31.1258749051834
5.8833456,5.760663,5.505561,29.506601,25.855226,-111.061485865153,-31.5087149705015
5.9133296,5.973104,5.366698,30.433860,25.544190,-111.338462769371,-34.132148550648
5.944576,6.146920,5.168321,30.999976,24.290322,-110.718078728255,-37.9837470646653
5.9759488,6.533177,4.860838,32.259096,23.065614,-110.331633438244,-43.3908258364917
6.0172192,6.687680,4.325222,33.166834,21.102193,-111.231975741136,-50.0184064851264
6.0458096,6.958060,4.057414,34.162418,19.935805,-111.026144227819,-54.8108949375782
6.0795712,7.151188,3.859038,34.738294,18.759696,-110.373820326829,-58.8803585560086
6.117112,7.566415,3.789606,35.294650,18.186222,-108.439141126333,-61.5464082253093
6.1485552,7.856108,3.868957,36.104782,18.157062,-107.339227524171,-62.7197894121473
6.1883808,7.730574,3.740012,36.426882,18.186222,-109.119323774254,-63.1755228548627
6.2283296,7.392599,3.521798,36.758743,18.098743,-112.424608173896,-63.8765831587244
6.2596544,7.209127,3.313503,37.071083,17.894625,-114.703815517404,-64.9879104037504
6.3021216,7.151188,3.234153,36.827068,17.457229,-114.742253080568,-65.875001732539
6.3495936,7.141532,3.422610,37.754327,18.409779,-115.727236808721,-64.2269041150078
6.3795664,6.987029,3.273828,37.481029,17.826585,-116.517537652816,-65.4527030989852
6.4108528,7.054624,3.105208,37.178450,17.194791,-116.108207798455,-67.1034073692745
6.4421488,7.006342,3.244072,36.612334,16.942074,-114.715421155851,-66.6916436941574
6.4833424,7.537446,3.898713,35.187283,18.215381,-107.906232069108,-61.0625066413143
6.5133696,7.933359,4.523599,35.636272,20.402360,-105.530427850566,-55.8541925486537
6.5458,7.875421,4.444248,35.694835,20.353760,-106.253272602363,-56.126371298961
6.6046624,7.759543,4.235953,35.343453,19.274851,-106.305438270137,-58.3540066760048
6.6458144,7.691948,4.523599,34.181939,20.169082,-104.818735227871,-54.2488119289873
6.6859088,7.218783,4.900513,33.196116,21.938105,-106.25004799082,-47.8376331192671
6.7471776,7.247753,4.682300,33.283962,20.985554,-106.245597167411,-50.421312418847
6.7996608,7.817482,5.138565,32.708085,20.752277,-99.811417416513,-49.9444458308823
6.8383584,7.489163,5.842801,30.472902,22.725417,-97.5094060449336,-40.9211784817504
6.8784064,7.276722,6.051096,30.355775,23.901526,-98.8902116116595,-37.7788904935713
6.911248,7.025655,6.328822,29.340670,24.494440,-98.2157449479496,-34.2296366234278
6.9520768,7.015998,6.467686,28.188917,24.154243,-95.5841835278412,-32.7616593425475
7.0008688,6.958060,6.804925,26.929797,24.727718,-93.1846658648968,-28.9289005867593
7.032408,6.880808,7.251272,26.022059,25.398391,-90.930121595414,-25.2651071215227
7.0736528,6.938747,7.281028,26.080622,25.515030,-90.7260509051885,-25.2115700555556
7.1033664,6.861496,7.241353,26.139186,25.544190,-91.4541247705502,-25.1975803556785
7.1346112,6.716649,7.013220,26.119665,25.573349,-93.4071609939793,-25.259950936905
7.175816,6.426956,6.943789,26.324638,25.903826,-96.0218838534703,-24.6579021380517
7.2058752,6.465582,7.261191,26.412484,26.885536,-95.5990030898768,-22.6669493452783
7.2371072,6.494551,7.330623,26.061101,26.642539,-94.2974534276243,-22.3958064739845
7.2672144,6.871152,8.064615,25.592591,27.361812,-89.0184693922166,-19.8498828891947
7.3196336,7.373286,7.975345,26.080622,26.292622,-86.1419679128801,-23.4544185523793
7.3492016,7.527789,7.757131,26.500329,25.592789,-86.0506033055331,-25.9722430612217
7.379904,7.315348,7.737294,26.246553,26.039905,-87.4873894891253,-24.4602861769142
7.4298688,6.562146,7.925751,24.811741,27.876967,-90.8934306186866,-17.3089586842995
7.4612624,5.335780,7.380217,23.367169,29.315513,-100.086309765825,-10.8921191594363
7.4924576,4.881928,7.142165,23.406212,29.762628,-104.416107297351,-9.75720801988381
7.5321152,4.872271,7.023139,23.464776,29.082235,-104.350654751003,-11.0824348556334
7.5633408,5.548221,7.290947,24.157780,27.507610,-98.0924818568231,-15.824607924351
7.6133344,7.296035,7.925751,25.524267,25.446990,-84.7051174612023,-23.8733374129067
7.65336,7.904390,7.895995,26.314877,24.717998,-81.9103265430095,-27.5629463696772
7.6846112,8.068549,7.677781,26.402723,23.687688,-80.7163777677107,-30.2026413113026
7.7133376,8.165113,7.905914,26.129425,23.843206,-78.9120407378757,-29.2184954945833
7.7458528,8.435493,8.659743,25.670676,25.272032,-75.4822946659423,-25.1169724328503
7.7846096,8.010610,8.272910,25.290012,24.960995,-78.3065100024319,-24.939082650696
7.8283984,8.029923,8.084452,25.514506,24.436120,-78.6619677953511,-26.5915093222919
7.8596208,8.242365,8.649825,25.573070,25.515030,-76.6833308606379,-24.2388075667755
7.8986368,8.203739,8.282829,25.563309,24.727718,-77.3756390058747,-26.116239323372
7.9283136,8.271334,7.816644,25.992777,23.483570,-78.029770889238,-29.9782459923773
7.9583712,8.348585,7.816644,26.139186,23.580769,-78.0394988088095,-30.1719631643752
7.9920848,8.367898,8.054696,26.100144,23.901526,-77.2240160395796,-29.1356567598433
8.0295664,8.396868,7.608349,26.480808,23.162813,-78.7124191347711,-31.9557792240986
8.0608352,7.904390,7.162003,27.193333,24.095924,-85.9631353439357,-31.4215973888432
8.0908992,7.276722,7.042977,26.900515,25.203993,-90.9320840961013,-28.1375737717381
8.1420816,5.905509,6.189959,26.490569,25.874666,-103.029482668341,-25.410949110725
8.1733744,5.702724,6.646224,26.031819,27.235453,-102.787577809498,-21.0943918184733
8.2033552,5.625473,6.814844,25.602352,27.702008,-102.345039434178,-19.121658270989
8.25848,5.944135,6.874357,26.451526,27.293772,-100.893238195357,-21.7891635649104
8.2858784,5.992417,7.062815,26.266074,27.750608,-99.9966111650769,-20.4822338100417
8.3171296,5.982761,7.042977,25.778043,27.041055,-98.6199055651787,-20.8024643159999
8.3571264,6.407643,7.598430,25.641394,27.536770,-94.0093759275893,-19.5880864706202
8.3870864,6.397987,7.588512,25.221688,27.284052,-93.1974047914598,-19.2477363185261
8.418408,6.214515,7.459567,25.290012,27.332652,-94.9692990518413,-19.1714462794806
8.449624,6.137263,7.271110,25.329054,27.468731,-96.5848838986431,-19.1881099925242
8.4920576,6.031043,7.370298,25.085039,27.614529,-96.4913215322695,-18.1525920972117
8.5208976,6.011730,7.419892,24.880066,27.604809,-96.0468096995663,-17.6770711108405
8.549664,5.992417,7.251272,25.075278,27.138254,-96.6709180932015,-19.0394840794714
8.5846208,6.098638,7.221516,25.163124,26.992455,-96.190017674698,-19.6846685105887
8.6208864,6.426956,7.628187,25.104560,27.167414,-92.5225303281653,-19.2146115299485
8.6521504,6.851839,7.509161,25.260730,25.748308,-89.1531981931637,-22.8281581923339
8.6809648,7.353973,8.193559,25.250969,25.748308,-83.1149177226906,-22.5345117854133
8.723352,7.556758,8.669662,24.479880,26.224583,-79.3034579712105,-19.9575522596128
8.7533616,7.624353,8.788688,23.806397,25.758027,-76.5617434101913,-19.4408101660296
8.7846144,7.585728,9.106090,22.966984,26.030185,-74.2510955454364,-16.8702209253691
8.8183472,7.817482,9.344141,22.859617,25.699708,-71.2093074078425,-17.2501742051531
8.8695952,8.078205,9.453248,22.996266,25.417831,-69.1660892152238,-18.261577108599
8.9058912,8.078205,9.711138,22.801053,26.175983,-68.9087927257011,-16.2741140649256
8.9521184,8.039580,9.869839,22.449671,26.263462,-67.8793226544691,-15.1670522148027
8.9871232,8.329273,9.373898,23.269563,24.844356,-67.8117204018613,-20.2877451603586
9.0208816,8.522401,9.611949,23.445254,25.029035,-66.3928033785417,-20.2493949799857
9.0533584,8.860376,9.542518,24.304189,24.698558,-66.0616059606271,-23.0041177457064
9.0896176,8.889345,9.225116,24.245625,23.746007,-65.6269042948457,-25.1073249704807
9.1208784,8.918315,9.453248,24.499402,24.533319,-66.2604928984328,-23.862677753828
9.1508784,8.870033,9.185440,24.001610,23.998725,-65.9232498201299,-24.2854131428284
9.1920816,8.870033,8.629987,23.747834,21.986704,-64.4462565459877,-28.432510511361
9.2334144,9.323885,8.996983,24.831263,23.065614,-64.477264156599,-28.4272893280355
9.268408,9.024535,8.699419,23.972328,21.996424,-63.7858531224604,-28.9432363764118
9.3158528,9.208008,9.363979,24.675093,24.008445,-64.7091008131457,-25.6903803328163
9.3458352,8.976253,9.840082,23.825919,24.951275,-63.7417290629595,-21.4699043163548
9.3758128,8.503088,10.306266,22.576559,26.613379,-64.5054410080367,-15.034082262382
9.4108256,8.454806,9.324304,22.156852,23.629368,-63.1686878181038,-20.6245302461682
9.4470864,8.870033,10.048377,23.484297,25.991305,-64.5062547333354,-18.6819764919114
9.4833792,8.696217,9.582193,23.113393,24.873516,-64.8407085755584,-20.2725343636987
9.5396448,8.763812,10.187241,22.849856,26.030185,-63.3039156042861,-17.0874870338392
9.5708736,8.570683,9.681381,22.283740,24.708278,-63.1460538490332,-18.647705970529
9.6008192,8.618965,10.256672,22.449671,26.117664,-63.0919139087811,-15.8564547270213
9.6346272,8.503088,10.018621,22.244698,25.758027,-63.7223144093119,-16.2070291739133
9.6759024,8.309960,10.068215,21.610257,25.806627,-63.330492709113,-14.5074713934918
9.7021312,8.078205,10.296347,21.190551,26.477300,-63.8072154982496,-11.8700973515836
9.7333616,7.991298,10.088052,20.429222,25.719148,-62.3935956640426,-11.7138944616869
9.7758784,7.904390,10.048377,20.234010,25.621949,-62.452232920937,-11.3683080276882
9.8033824,7.720918,9.899595,19.755739,25.563629,-63.0562774066961,-10.3590807655879
9.833376,7.537446,9.701219,19.492202,25.135954,-63.626244124584,-10.438094850209
9.8671248,7.769200,10.097971,20.204728,25.952426,-63.4413655750101,-10.4440239041438
9.9145984,8.271334,10.464967,21.307678,27.245173,-63.7115050369473,-11.0491668418382
9.9458256,8.223052,10.534399,21.483369,27.507610,-64.3936730754557,-10.79850993028
9.975872,8.464463,11.169203,21.903076,28.965596,-63.6951060163566,-9.03142496654094
10.0171136,8.725186,10.762532,22.586320,27.770048,-63.4634669656481,-13.0384826445388
10.0571264,9.082474,10.623668,23.572142,27.157694,-63.1359573125145,-16.5271773304443
10.0883696,9.420449,9.988864,24.499402,25.359511,-62.9491913767306,-22.4737364600601
10.130856,9.459075,10.078134,24.616529,26.059344,-63.793189072484,-21.4770499678358
10.179576,8.976253,10.494724,23.523339,27.157694,-64.0970993725312,-16.451209603948
10.210864,8.512745,10.316185,22.586320,26.739738,-64.6546871249231,-14.8609805895583
10.2508288,8.097518,10.792288,21.327199,27.954726,-64.2974048689404,-9.23558337684814
10.2821904,6.948403,10.792288,18.564943,28.528200,-65.7948308542242,-0.547103493713962
10.3121024,6.620085,10.554237,16.944680,28.188004,-64.9257689578293,2.94469612747199
10.3433808,6.117951,10.236835,16.398085,27.196573,-66.1514508046698,3.54214049002154
10.3833776,5.808945,9.740894,15.843934,25.738588,-66.4274664798242,2.76437079434409
10.4133632,6.311079,10.663344,14.868240,23.221132,-50.7978439477783,1.47904437633556
10.4445824,13.572713,19.438809,13.478616,18.856895,34.4616604854454,-5.20859510268231
10.4883952,17.386201,25.323355,11.872171,14.647514,82.852425645012,-7.1844688467764
10.5171264,24.378946,31.296170,10.009483,11.724731,127.148587431207,-12.1118080761354
10.54708,24.523027,27.941978,7.949686,9.300484,141.58141382604,-17.0251551893994
10.5795856,24.206048,23.999333,7.062691,8.127461,144.971202185703,-23.2817877339149
10.6171264,24.426973,22.135893,6.648761,7.589825,147.3213140775,-27.3559874365564
10.6483808,24.369340,22.155508,6.146131,7.785329,148.942118705865,-25.9083326744824
10.6785808,24.378946,22.439928,6.116564,8.137236,147.663764121891,-24.6723516427192
10.7196032,25.253039,22.802808,7.052836,8.841050,141.105385376245,-26.0049132754037
10.7508832,26.645824,21.969164,8.659281,8.381616,136.33741301237,-33.427091572859
10.7908048,27.241360,20.252838,9.940495,7.628926,131.797049520695,-41.119748810881
10.82708,27.183728,18.997468,10.768356,7.501849,125.97835544406,-45.0821321783895
10.86208,27.289388,18.261900,11.261131,7.628926,121.794235381195,-47.2204047748073
10.8933568,27.126095,17.712676,11.901738,7.726678,116.885858383242,-48.8538401347631
10.9233808,26.885960,17.918635,12.305813,8.391391,111.90300183871,-47.2442925652203
10.973336,26.770695,17.820559,12.847865,8.860600,106.945130948494,-47.0701668031423
11.0071088,26.184764,17.163452,12.788732,8.625996,105.54477984935,-48.032200710719
11.0358688,25.464358,16.535767,12.729599,8.567345,103.034720176554,-48.401791788467
11.0758144,24.302102,17.173259,12.345235,8.997453,101.60847064909,-43.8373820146321
11.1071328,24.090783,18.222670,12.552200,10.053174,97.9471246261909,-39.5177939086465
11.137112,23.850648,18.977853,12.729599,10.923166,94.6688512107947,-36.2781003391794
11.180912,23.668145,19.075929,12.650755,11.284848,93.2905738197071,-35.0111714872638
11.2183872,23.245506,18.693434,12.404368,10.737437,94.7532230920177,-35.7184120984873
11.2499056,22.659576,18.536512,12.207258,10.747212,93.7851295152335,-34.7463421256045
11.2808592,22.429046,18.791509,12.217113,11.372825,91.1172076501317,-32.7081853752904
11.32216,22.092856,19.036699,12.148125,11.978886,88.6308750018229,-30.4593767474373
11.3521312,21.708640,19.389771,12.148125,12.672925,85.6818948748001,-27.9273998271928
11.3821984,21.247580,19.281888,12.226969,13.151909,81.9896178891454,-26.6249293694747
11.4308672,20.565595,19.291696,12.049570,13.278987,80.4758731871374,-24.9025615305308
11.4733664,19.893216,19.242658,12.000293,13.757971,76.8523992991243,-22.8798814948893
11.5045984,19.489788,19.056314,12.394512,14.295607,71.5685322214345,-22.2601088020715
11.5358672,19.412945,18.860162,12.542345,14.334708,70.0921247426,-22.6557458548995
11.5758256,19.134388,18.644396,12.778876,14.481335,67.2359094733028,-22.699562931302
11.6071216,18.932674,18.320746,13.015408,14.500886,64.7694102510639,-23.2872501661965
11.6358592,18.586879,18.046133,13.251940,14.833242,60.8168019996679,-22.991845117324
11.6883472,18.269900,18.075556,13.340639,15.322002,57.8084769838827,-21.691003129866
11.7171344,17.587915,18.232477,13.488472,16.417199,51.7049264912966,-18.6269992530175
11.7483472,17.395807,18.222670,13.488472,16.572718,50.5404779479498,-18.0362691396206
11.7883216,17.136461,17.948058,13.587027,16.582437,48.5291736443078,-18.1738507099055
11.8196176,16.915536,17.899020,13.626449,16.640757,47.3491279790322,-17.8220651015092
11.8502176,16.905931,18.036326,13.547605,16.864315,47.2297137718871,-17.0674986312635
11.8947248,16.617768,18.203055,13.419483,17.136472,46.3454029143644,-15.5789875888907
11.9308576,16.502503,18.124594,13.449050,17.185072,45.4684281732343,-15.4650775354843
11.9608896,16.579346,17.977480,13.498327,17.155912,45.1785284645065,-15.9865154531232
11.993384,16.627373,17.889212,13.636304,17.185072,44.4662105931519,-16.4313464921809
12.0434,16.771455,17.712676,13.951680,16.796275,44.6220444090019,-18.2086520925143
12.1033312,16.982774,17.477294,14.257200,16.631037,44.0555154406933,-19.8209252772911
12.1433248,17.098039,17.212489,14.444454,16.397759,43.7470548820463,-21.2067459980734
12.1746336,17.155671,17.104606,14.552865,15.986715,44.6530435956699,-22.3920864253266
12.204648,17.213304,17.104606,14.552865,15.957389,44.9380206594278,-22.5460639976121
12.2396256,17.165277,17.124221,14.572576,16.339440,43.4368278309667,-21.8073211240205
12.2758432,17.203698,17.447871,14.631709,16.436639,44.0261290749332,-21.2703254415879
12.3083328,17.290147,17.536140,14.523298,16.378319,45.1493802781026,-21.1807227656659
12.3384128,17.270936,17.594985,14.493732,15.898738,47.0630182731173,-21.8042797791723
12.3770752,17.347780,17.496909,14.434599,15.576157,48.358583629785,-22.5560562528462
12.4071584,17.597521,17.457679,14.434599,15.292676,50.0276548758637,-23.5608642694183
12.4408752,17.751207,17.594985,14.454310,15.263351,50.9509227428949,-23.6809492743668
12.4683728,17.885683,17.555755,14.533154,15.175374,51.273027446586,-24.2783180377449
12.508328,17.751207,17.477294,14.572576,15.194924,50.4124347995397,-24.2136292742625
12.543376,17.722391,17.379218,14.602142,15.194924,49.9177734249744,-24.3863089585466
12.5709008,17.760813,17.310565,14.671131,15.155824,49.7173108095159,-24.7642622076544
12.6209056,17.876078,17.506717,14.730264,15.146049,50.4899824930263,-24.7436718921256
12.6521184,18.212267,17.447871,14.897807,14.676839,52.4184011801764,-26.5467255733323
12.683776,18.250689,17.330180,14.858385,14.461785,53.1067224202202,-27.1382971043406
12.7384432,18.356349,17.477294,14.799252,14.373808,54.4045562143355,-27.1124224376796
12.7659248,18.365954,17.683253,14.828819,14.383584,54.9025177939691,-26.7950650825315
12.7971264,18.193057,17.840174,14.700697,14.442235,55.1099465523548,-25.8940753722185
12.832152,18.048975,17.859790,14.552865,14.510661,55.0316163717955,-25.2307636236233
12.8683696,18.020159,17.948058,14.444454,14.373808,56.115316049429,-25.0759509439821
12.8983216,17.962527,18.104979,14.385321,14.452010,56.3393318338175,-24.4574302319507
12.9295792,18.039370,18.281515,14.326188,14.569312,56.8721627617102,-23.9765053894671
12.9733536,17.981737,18.379591,14.178356,14.608413,57.3937386563912,-23.3760420013887
13.002168,17.847261,18.526705,14.109368,14.764816,57.1070227967437,-22.4924784605505
13.0308176,17.683969,18.605165,13.922113,14.803917,57.4070615887268,-21.6633229751858
13.0634112,17.482256,18.860162,13.675726,15.185149,57.063578970496,-19.7766249815839
13.1021248,17.222909,19.026891,13.360350,15.458855,56.9453332752643,-17.9876671201566
13.1321056,17.146066,19.262273,13.153385,15.654358,57.4539311126422,-16.7537755619177
13.1634048,16.877114,19.370156,12.975986,15.771661,57.2034503328692,-15.5484482908336
13.2046464,16.733033,19.576115,12.650755,16.016041,57.6863193811914,-13.9322153209508
13.23464,16.521714,19.831112,12.433934,16.514398,56.7709018438655,-11.9238595601541
13.2645744,16.387238,20.046879,12.187547,16.922634,56.4137449985189,-10.2239713131935
13.297072,16.595175,20.184185,12.049570,17.048993,57.4640129646493,-9.96271313421866
13.3508208,16.382734,20.331299,11.744050,17.428069,57.0044923440413,-8.15791822753338
13.3783472,16.208918,20.429375,11.596217,17.671067,56.4357638358407,-7.01648997598111
13.4084208,16.083384,20.586296,11.477951,17.923784,56.0372716287824,-5.93374273716048
13.4583504,15.841974,20.566681,11.389252,18.030703,55.2067190399747,-5.14119907616367
13.4896208,15.716440,20.498028,11.231564,18.118182,54.8900195325179,-4.53663662629552
13.5209248,15.687471,20.527450,11.123154,18.166782,55.1097397795481,-4.14338223264406
13.5620832,15.639189,20.556873,11.162576,18.400060,54.0614772687731,-3.75243559528523
13.590888,15.619876,20.547066,11.172431,18.497259,53.5878211583694,-3.60968051343904
13.6221072,15.639189,20.478413,11.201998,18.429219,53.5805727257628,-3.90310346466243
13.6521248,15.552281,20.350914,11.261131,18.438939,52.6931656807769,-4.01308577901702
13.6933408,15.571594,20.311684,11.330119,18.506979,52.1396687238461,-4.1533677166375
13.724584,15.619876,20.292069,11.428674,18.409779,52.2205027863705,-4.61993306349912
13.7546416,15.677814,20.184185,11.537084,18.322300,51.9958508723796,-5.23843635881475
13.7958528,15.687471,20.164570,11.615928,18.263981,51.8922704212364,-5.53023551983549
13.82708,15.639189,20.144955,11.724339,18.380620,50.8827840086885,-5.51241912765584
13.8571312,15.552281,20.066494,11.655350,18.254261,51.0845536624721,-5.49122166374548
13.8896208,15.600563,20.125340,11.704628,18.069583,51.8943337562231,-5.87168062457351
13.9283376,15.619876,20.135147,11.832749,18.001544,51.7653796174142,-6.25492271370347
13.9596576,15.716440,20.203800,12.049570,17.982104,51.5523480373415,-6.81364777127075
14.0120576,15.784035,20.135147,12.157980,17.816865,51.7525657060421,-7.50696773086065
14.050888,15.764722,20.056687,12.246680,17.777986,51.2815067927969,-7.81763777493824
14.0808368,15.851630,19.880150,12.305813,17.622467,51.3577819245646,-8.5995337826077
14.1108608,15.822661,19.703614,12.433934,17.534988,50.5922871859884,-9.19081624670731
14.1520912,15.899912,19.654576,12.532489,17.428069,50.7075951161747,-9.7728402199459
14.1822608,15.967507,19.625153,12.729599,17.534988,49.7375616978977,-10.1751128187248
14.2133648,16.006133,19.605538,12.798587,17.476669,49.7570813541365,-10.5027552189506
14.244632,16.035102,19.487847,12.828154,17.291990,50.0411796975884,-11.0763261461055
14.2870832,16.054415,19.360349,13.025264,17.243391,49.1841411001641,-11.766024739161
14.3146032,16.073728,19.370156,13.035119,17.243391,49.2375436577551,-11.8073516641436
14.3458384,16.141323,19.360349,13.133674,17.253111,49.0287640810209,-12.127783902275
14.3858944,16.064071,19.321118,13.153385,17.262831,48.5709161558125,-12.0624249990032
14.418384,16.093041,19.183812,13.173096,17.223951,48.30870655228,-12.4279804335962
14.4471696,16.025446,19.203428,13.163240,17.272551,48.0250357987874,-12.1733484611462
14.4795936,16.073728,19.213235,13.222373,17.272551,47.9934414530015,-12.365046966472
14.5283392,16.122010,19.203428,13.182951,17.282271,48.2156900803686,-12.3822128905844
14.560848,16.131666,19.144582,13.192807,17.398909,47.6194692869253,-12.3305608832373
14.5920688,16.054415,19.105352,13.242084,17.330870,47.3292951363519,-12.442376500906
14.6396112,16.064071,19.115159,13.242084,17.360030,47.2862176521661,-12.4007330779213
14.6795824,16.064071,19.056314,13.291362,17.408629,46.7617844899017,-12.5111942480692
14.7133664,16.035102,19.007276,13.320928,17.340590,46.6572917356405,-12.6935365046349
14.7608384,15.986820,18.899393,13.340639,17.262831,46.380146735391,-12.9272750868157
14.7920944,16.035102,18.948431,13.498327,17.223951,46.2627723529123,-13.306144506912
14.8221472,16.073728,19.017084,13.468761,17.282271,46.4919707035749,-13.125784887095
14.8721872,16.015789,18.958238,13.577171,17.233671,45.9231500666125,-13.3893103691706
14.903368,15.986820,18.958238,13.547605,17.389190,45.3938808756093,-13.0357510841289
14.9346288,15.909569,18.811124,13.577171,17.340590,44.7654631575245,-13.2491289403257
14.9745664,15.948194,18.938623,13.518038,17.466949,45.0460761011577,-12.8153109103808
15.0171776,15.967507,19.017084,13.458905,17.418349,45.7235510651449,-12.692884080257
