0.0335984,15.470365,17.810752,14.839798,17.719666,-1.25112848091473,-1.12309385234538
0.06464,15.412457,17.820559,14.790505,17.758546,-1.373049170951,-0.844900378962519
0.0947296,15.431760,17.771521,14.829940,17.787706,-1.69780739461347,-0.986560591296207
0.1533584,15.451062,17.849982,14.780646,17.661347,-0.795134432471662,-1.00674181237328
0.1883728,15.431760,17.869597,14.731353,17.661347,-0.629544317875077,-0.846841673341839
0.2184304,15.422108,17.967673,14.820081,17.690507,-0.735714433558365,-0.792694918215384
0.26832,15.315944,17.879405,14.810222,17.787706,-1.65821599137334,-0.560938216367285
0.2997248,15.277339,17.820559,14.839798,17.865465,-2.33228026960121,-0.51397133558323
0.329696,15.180827,17.751906,14.869375,17.923784,-3.16434074045808,-0.404452642139095
0.380808,15.055360,17.683253,14.918668,18.069583,-4.44638460743734,-0.138673789746877
0.4108528,14.987802,17.634215,14.958103,18.108462,-5.08926238225842,-0.1016536012036
0.4421072,14.987802,17.722483,14.948244,18.098743,-4.73265586975301,0.041104344880905
0.4833552,15.016755,17.781329,14.977820,18.118182,-4.60292856540962,0.054098150287178
0.5146656,15.016755,17.800944,14.948244,18.030703,-4.154672305165,0.00288899827434896
0.5447152,15.036058,17.849982,14.849657,18.030703,-3.60539911882569,0.229998689619212
0.5758272,14.987802,17.918635,14.839798,17.972384,-3.31358909877871,0.356289704470802
0.6258816,14.978150,17.918635,14.741212,17.836305,-2.56838883671952,0.347063426368729
0.657072,15.016755,18.016711,14.662342,18.001544,-2.4061742810896,0.838163658227854
0.6870704,14.987802,18.055941,14.662342,18.050143,-2.53344183643037,1.03077964624308
0.7308624,14.997453,18.095171,14.691918,18.069583,-2.5355047824783,1.04779844815065
0.7596384,14.987802,18.154017,14.672201,18.059863,-2.27740232196799,1.1802769513753
0.8121392,15.065012,18.055941,14.682059,17.972384,-2.08857739473562,0.724756043582474
0.8508416,14.949197,18.095171,14.613049,18.059863,-2.40036379476929,1.27480500265807
0.8808368,14.958848,18.144209,14.662342,18.098743,-2.50000821092093,1.29945121128359
0.9120832,14.891289,18.173632,14.593331,18.127902,-2.49303144041453,1.651214685437
0.9533872,14.891289,18.154017,14.593331,18.186222,-2.75002574608779,1.71129952149233
0.9833296,14.862335,18.232477,14.544038,18.254261,-2.64986212142314,2.08783073656812
1.0146704,14.746520,18.203055,14.553896,18.273701,-3.22261652763716,2.27575586982339
1.0458096,14.736869,18.252093,14.544038,18.254261,-2.9966414698797,2.35894589955411
1.0972016,14.814079,18.173632,14.455309,18.234821,-2.64315397606101,2.22986763519364
1.1270736,14.833381,18.271708,14.396157,18.293141,-2.25591181117663,2.54794531497173
1.1558848,14.891289,18.389399,14.386299,18.283421,-1.61842716453259,2.62145758135143
1.1997856,14.920243,18.369784,14.346864,18.234821,-1.29599627175036,2.53681338930667
1.2283024,14.833381,18.261900,14.208842,18.098743,-1.01661971532299,2.59458832829197
1.2596528,14.843033,18.330553,14.238418,18.147342,-1.02241836793515,2.69981768345196
1.2946544,14.891289,18.428629,14.248277,18.215381,-0.806063543713836,2.84313714613065
1.3319968,14.939545,18.546320,14.258136,18.195942,-0.236435526571845,2.88168734267169
1.3608624,14.862335,18.565935,14.277853,18.225101,-0.585612399552812,3.06715653270678
1.3920768,14.881638,18.497282,14.258136,18.195942,-0.582635655809799,2.91823552284606
1.4397312,14.871987,18.477667,14.189125,18.098743,-0.121880914548352,2.89092622839284
1.4846464,14.871987,18.438437,14.248277,18.069583,-0.349745680404594,2.67121561687957
1.527112,14.862335,18.399206,14.267994,18.098743,-0.672239843249642,2.63623787597947
1.5658592,14.958848,18.418821,14.327146,18.195942,-0.816588703630452,2.51611574464754
1.5971008,14.939545,18.340361,14.366581,18.079303,-0.876836172502066,2.17655026512734
1.6271104,14.920243,18.301130,14.396157,18.020983,-0.971439951506056,2.00568993610305
1.669664,15.016755,18.261900,14.455309,18.098743,-1.24113618068208,1.76695876561892
1.6997232,14.978150,18.232477,14.563755,18.098743,-1.82259946656613,1.58785460133588
1.7296912,14.987802,18.173632,14.632766,18.147342,-2.37212321215205,1.42195948966968
1.7609088,15.055360,18.232477,14.642625,18.030703,-1.60712974288259,1.18482962579606
1.8009568,15.016755,18.055941,14.632766,17.991824,-2.14739612984699,0.940703380911021
1.8321568,15.007104,18.104979,14.504603,18.001544,-1.62487547005837,1.29558852092373
1.8646736,15.036058,18.006903,14.593331,17.952944,-1.9846115482689,0.841176338404196
1.90468,15.055360,18.095171,14.593331,17.952944,-1.63280300871437,0.942832667809844
1.933376,15.132571,18.114787,14.613049,17.884905,-1.15630091753304,0.682605829285603
1.9633712,15.219432,18.104979,14.603190,17.865465,-0.808127248105726,0.490634589189822
1.9984096,15.277339,18.026518,14.691918,17.768266,-0.846660132700446,-0.0633537015546199
2.0359632,15.354549,18.016711,14.672201,17.700226,-0.334846702391566,-0.294907018142711
2.0758128,15.393154,17.938250,14.780646,17.593308,-0.469283001238864,-0.865923788435293
2.109648,15.402806,17.899020,14.820081,17.612747,-0.762014946534499,-0.989515373509871
2.14708,15.518621,17.800944,15.036972,17.389190,-0.682128639886263,-2.12565483748001
2.1783152,15.566877,17.751906,15.145418,17.321150,-0.819450273731964,-2.60492945137513
2.2083024,15.576528,17.614600,15.204570,17.340590,-1.49662305053947,-2.92301229866679
2.242144,15.499318,17.693061,15.204570,17.301710,-1.36316165333482,-2.71621100749138
2.2796464,15.518621,17.693061,15.194711,17.282271,-1.20263591585154,-2.76520437579077
2.3096976,15.566877,17.879405,15.115842,17.389190,-0.534229772231727,-2.23482543539459
2.3408192,15.460713,17.957865,15.036972,17.350310,-0.231150792283834,-1.82818950142005
2.392128,15.422108,18.006903,14.879233,17.583588,-0.449494922872515,-1.01092945119407
2.4220736,15.402806,18.016711,14.810222,17.486389,0.0752861777046192,-0.984863751184937
2.4533168,15.422108,18.016711,14.741212,17.428069,0.565250638912421,-0.984716024881651
2.4947072,15.412457,18.046133,14.691918,17.534988,0.435547177710382,-0.656601317149528
2.5233296,15.383503,18.124594,14.642625,17.651627,0.369646421188533,-0.199918077580705
2.5546432,15.354549,18.183440,14.721494,17.651627,0.202177355621766,-0.200911453895529
2.588352,15.383503,18.075556,14.682059,17.612747,0.209302002802294,-0.4133683959799
2.6270976,15.402806,18.124594,14.662342,17.622467,0.463608921801337,-0.319511417329894
2.6571152,15.393154,18.124594,14.701777,17.564148,0.495770038383023,-0.467920260857712
2.6896976,15.315944,18.104979,14.691918,17.603027,0.0854224774409102,-0.273457792839819
2.7509216,15.335247,18.075556,14.682059,17.709946,-0.272116628361642,-0.168625087952444
2.7783056,15.180827,18.114787,14.662342,17.709946,-0.579992742521351,0.222312864830055
2.809688,15.219432,18.183440,14.632766,17.807145,-0.45775239678708,0.466255539059086
2.8520944,15.200129,18.095171,14.662342,17.846025,-1.03501300911498,0.369212778006592
2.880912,15.180827,18.065749,14.613049,17.875185,-1.12646800596483,0.498750063673251
2.912096,15.161524,18.026518,14.701777,17.923784,-1.77375998927302,0.381959105855355
2.9496496,15.161524,18.006903,14.731353,17.962664,-2.06463457233356,0.356292222228568
2.9933568,15.161524,18.036326,14.760929,17.962664,-2.06653390535462,0.346613538781806
3.0246896,15.016755,17.899020,14.741212,17.982104,-2.98929730870871,0.472784359157757
3.06472,15.026407,17.918635,14.672201,18.020983,-2.79337275808797,0.677613097493966
3.1058592,14.920243,17.977480,14.632766,18.137622,-3.20428667716649,1.23008084283869
3.1362096,14.852684,18.085364,14.691918,18.273701,-3.7146695232596,1.62591048712332
3.1670608,14.929894,18.075556,14.593331,18.234821,-3.04103476806048,1.59116398194158
3.2071072,14.929894,17.967673,14.613049,18.127902,-3.10751797001208,1.21878458788372
3.238352,15.007104,17.938250,14.583472,18.147342,-2.91687024540341,1.11224950216341
3.2683648,14.968499,17.948058,14.622907,18.195942,-3.30229372728213,1.20194217453901
3.3033552,14.987802,17.938250,14.514462,18.186222,-2.88061400876547,1.34168825280501
3.359656,14.929894,17.977480,14.553896,18.234821,-3.23306442206493,1.51400678483856
3.3908784,14.910592,18.026518,14.583472,18.312580,-3.48907503774512,1.69147485433649
3.4397312,14.871987,18.016711,14.563755,18.351460,-3.71134151997118,1.84814760020167
3.4733488,14.775474,18.104979,14.573614,18.370900,-3.83479317450752,2.18091493382128
3.503352,14.794776,18.114787,14.544038,18.390340,-3.70568735506218,2.24578348547604
3.538336,14.688613,18.124594,14.435592,18.409779,-3.73015478017139,2.7042089588065
3.575872,14.678961,18.330553,14.415875,18.536138,-3.43536289569716,3.27021368990965
3.6058512,14.611403,18.252093,14.435592,18.545858,-4.01193526593436,3.2578119209393
3.6371376,14.650008,18.252093,14.406016,18.487539,-3.59597693349137,3.15117478805012
3.6883328,14.582449,18.173632,14.317288,18.400060,-3.49601647600878,3.19988717258798
3.7199472,14.524541,18.379591,14.337005,18.477819,-3.32988440985461,3.70836933307798
3.749632,14.650008,18.379591,14.376440,18.506979,-3.14394744805571,3.43276116905755
3.7896608,14.659659,18.359976,14.366581,18.545858,-3.27210000146152,3.46249974472793
3.8199104,14.727218,18.301130,14.465168,18.370900,-2.99206028037373,2.78425105685318
3.8525952,14.756171,18.222670,14.445451,18.273701,-2.76831884769323,2.49621125164003
3.884696,14.823730,18.242285,14.494744,18.186222,-2.35615636914246,2.16649656330964
3.922088,14.891289,18.095171,14.484886,18.118182,-2.3585814402443,1.72185029748307
3.9533504,14.929894,18.055941,14.534179,18.118182,-2.52417095946323,1.49224257665444
3.9946896,15.142222,18.026518,14.593331,18.030703,-1.83166799322825,0.791907856709356
4.0446432,15.113268,18.006903,14.652483,17.982104,-2.0252916685222,0.6276205466581
4.0758368,15.238734,17.967673,14.622907,17.972384,-1.6134080863894,0.36899091101658
4.117128,15.132571,18.055941,14.682059,17.923784,-1.70679438329816,0.520354767739112
4.1571136,15.151873,17.997096,14.701777,17.923784,-1.9012746763138,0.353954895977395
4.1870944,15.219432,17.899020,14.790505,17.943224,-2.35925621261731,-0.0651318730094932
4.2183856,15.103617,17.849982,14.790505,17.933504,-2.86727571863479,0.0607424812155113
4.2583488,15.190478,17.722483,14.879233,17.816865,-2.90848070854803,-0.657879937149232
4.2896736,15.209781,17.653830,14.908809,17.807145,-3.13663322449029,-0.87481284184029
4.3199952,15.180827,17.644023,15.007396,17.797426,-3.55802752889324,-1.03677678417114
4.353384,15.161524,17.604793,15.086266,17.855745,-4.20298332133442,-1.11792655041705
4.4007984,15.267688,17.604793,15.115842,17.943224,-4.23678753710865,-1.23199150510511
4.4308384,15.142222,17.467486,15.125701,17.972384,-5.2332418006307,-1.1886381328232
4.46336,15.093965,17.565562,15.145418,17.962664,-5.10068847812054,-0.994176745667952
4.5120496,15.084314,17.565562,15.155277,17.982104,-5.22842769107358,-0.963587637210679
4.5521184,14.958848,17.594985,15.135559,18.098743,-5.86342876742644,-0.459030180254723
4.5847168,14.958848,17.555755,15.056690,18.089023,-5.70503744367672,-0.388195899230741
4.63592,14.997453,17.575370,15.066548,18.089023,-5.54358618662645,-0.448354205562735
4.6758544,15.093965,17.594985,15.105983,17.991824,-4.96961582353672,-0.826993773720522
4.708344,15.142222,17.536140,15.086266,17.933504,-4.74916559717085,-1.06722788860902
4.7470992,15.171176,17.536140,15.105983,17.865465,-4.49476977105419,-1.26712283268049
4.7783584,15.200129,17.565562,15.204570,17.904344,-4.75211445819894,-1.39608178963733
4.8083696,15.296642,17.565562,15.283440,17.846025,-4.50090209626868,-1.81534848298974
4.8496832,15.238734,17.477294,15.244005,17.836305,-4.82274868723646,-1.79168934463746
4.879672,15.190478,17.398833,15.263722,17.671067,-4.76559772174976,-2.13125306708076
4.9108272,15.180827,17.359603,15.342592,17.748826,-5.44164142393876,-2.19774286841488
4.9446816,15.219432,17.506717,15.342592,17.797426,-4.9844691849406,-1.95415467211685
4.9820832,15.229083,17.526332,15.332733,17.846025,-5.01417602845099,-1.84431866773437
5.0133232,15.229083,17.565562,15.352451,17.972384,-5.36013358612731,-1.61612416909829
5.0446544,15.238734,17.545947,15.332733,17.875185,-5.01259528828508,-1.7840977143344
5.084624,15.151873,17.379218,15.263722,17.894625,-5.69141174076089,-1.73053877728686
5.1158,15.026407,17.438064,15.194711,18.030703,-6.13200746745985,-1.0548185323909
5.1458208,14.968499,17.496909,15.115842,18.089023,-6.06191529044347,-0.611269386795234
5.1796848,14.843033,17.506717,15.096125,18.234821,-6.85836385579036,-0.090712936068476
5.2283056,14.775474,17.575370,15.086266,18.273701,-6.9488927953579,0.225536824405964
5.2746848,14.736869,17.604793,15.027114,18.351460,-7.03996163404245,0.579539925139333
5.3320544,14.621054,17.663638,14.997538,18.506979,-7.63830984259441,1.19166507512992
5.362072,14.543844,17.879405,14.849657,18.575018,-6.91666527680043,2.06257453354207
5.3920912,14.659659,17.987288,14.741212,18.536138,-5.69438307832738,2.15499410307667
5.4220976,14.746520,18.095171,14.701777,18.380620,-4.41459035829974,1.99064654091604
5.474656,14.698264,18.212862,14.524320,18.332020,-3.44374691531762,2.53059432476288
5.5046832,14.717566,18.428629,14.218701,18.487539,-2.1776732909457,3.65262118458658
5.5383472,14.659659,18.762087,13.883505,18.351460,0.289257494572672,4.71905839330029
5.5909136,14.814079,19.203428,13.686331,17.923784,4.31768418736829,4.82365784130855
5.628384,15.065012,19.929188,13.400429,17.398909,10.1795008753935,5.19453273467147
5.6596752,15.315944,20.164570,13.341277,16.825435,13.9004559397517,4.30860454810262
5.6983392,15.769554,20.419567,13.380712,15.973066,18.9542743783294,2.43505598034412
5.7284048,16.213511,20.498028,13.479299,15.875367,20.4844939856857,1.36589818052693
5.7608736,16.512701,20.439182,13.577886,15.650661,21.641715283513,0.172371955390066
5.7997056,17.520677,19.223043,13.666614,14.546670,24.8076249784745,-5.629562082558
5.8296848,18.798198,17.634215,13.922940,13.501298,26.9172794666718,-12.9924642831295
5.8608848,19.749134,17.045761,14.228559,13.940940,25.1208504451409,-15.4103460769801
5.892072,19.902821,16.476921,14.514462,15.367336,17.6069988485729,-14.5885045105255
5.9358064,19.268863,16.616616,14.928527,16.796275,9.69912348067252,-11.4845004540098
5.974672,18.615695,14.890150,16.398085,18.983254,-9.51843587434375,-12.0489155977595
6.0058544,17.895289,14.056683,17.091089,19.527569,-18.3583555119076,-12.4927914172213
6.0558656,14.669310,12.230995,18.721113,22.015864,-47.9138630378833,-8.71824052449084
6.0871648,9.602399,11.258618,19.999755,26.127384,-85.2820438471165,3.08477030443059
6.1170896,8.174013,11.357840,20.497546,27.682569,-95.2230989824957,7.29528430892728
6.1571184,7.498425,12.151617,21.737145,30.083385,-101.075542502022,10.5731710912023
6.188376,7.797614,12.459206,22.439910,30.481901,-100.263927549835,9.62831589959023
6.2184464,7.720404,12.052395,22.313022,29.422431,-100.394950667643,8.07839795856096
6.2534544,7.643194,11.715040,22.039725,28.916996,-100.915953903405,7.58981978055041
6.2896784,7.122026,11.288384,21.190551,28.265763,-102.662884253945,8.72144285636358
6.3309392,6.600858,10.822040,20.331616,28.042205,-105.466178025378,10.5113669714347
6.3646976,6.205156,10.663285,19.541005,27.536770,-105.902562840152,12.0404248834228
6.4020832,6.002480,10.405307,17.959785,26.010745,-102.456495058891,13.3522045225317
6.4333232,5.780501,10.425151,16.661622,25.427551,-99.7523920615356,16.0636863878632
6.4633872,5.597127,10.554140,16.377755,25.612229,-99.8394691822205,17.6641174067777
6.5070992,5.462009,10.643440,16.121429,25.923266,-100.19903435768,19.2121019327561
6.5434064,4.825026,10.643440,15.066548,27.352092,-104.418780730112,25.4913066246148
6.5858896,4.410022,11.288384,14.672201,30.443021,-108.349644548075,32.2959711486758
6.6283088,4.168741,11.764651,14.701777,32.095405,-110.143298564921,35.2516507102154
6.657144,4.014320,11.903562,14.583472,32.766079,-111.182691499766,36.8164777627731
6.687224,4.014320,12.002784,14.918668,33.679750,-112.790656220261,37.0320101131973
6.7200624,4.014320,11.764651,15.707364,33.786669,-115.451502293001,34.9500052331482
6.7583808,4.361766,11.903562,16.808031,34.719779,-116.236194350093,32.6405970092824
6.7896896,4.332812,11.407451,17.471753,34.321263,-119.202981544578,30.223587966313
6.8208896,4.342463,11.089940,17.637684,33.786669,-120.175624029565,28.8798979931569
6.8608176,4.448627,10.881573,18.369731,33.660310,-121.579662406104,26.6030122702814
6.8921264,5.018051,9.095574,22.059246,31.512211,-129.835371074018,12.6272736573617
6.9221232,7.980988,8.460552,28.003465,26.117664,-119.232408363155,-12.4336255428364
6.9546816,13.530462,10.603751,33.362047,20.635638,-86.3744427292999,-33.0007454974035
6.9934,17.251726,14.999294,32.385984,14.624829,-43.9397831384503,-38.9466931990706
7.024664,18.663722,20.017456,24.255386,11.303086,5.48243998883663,-27.9721119882883
7.0546752,17.559099,30.236951,10.689288,11.703649,74.7325547925903,12.0769757063062
7.0958112,17.088433,35.689964,5.582485,14.507591,93.4963910326728,32.902661945522
7.1271392,17.299753,34.758244,5.710648,15.162169,88.9511938302921,31.9019911880821
7.1571328,15.605482,33.345953,5.316301,15.806978,82.3526495525163,35.7656919114429
7.2008448,13.655928,31.001942,4.941670,15.367336,77.5177011022178,38.5703580629154
7.2397184,12.748710,27.304486,5.030398,14.185186,72.4925840229777,35.4441404537536
7.2701248,12.102075,26.451227,4.971246,14.136337,69.3889715687485,36.3277334455357
7.3021328,11.484395,24.597595,4.921953,13.364520,67.2392158308441,35.0364857727292
7.3508528,11.629164,23.577607,4.931811,12.797870,67.8538672600575,32.5093051113152
7.3821376,13.269878,24.018948,5.582485,12.778330,70.0136499824143,26.5989804691829
7.4121376,15.036058,24.882014,6.213442,13.051886,71.9261319100093,21.97602606988
7.454664,16.502503,25.637198,6.873974,13.169124,73.3089899348596,18.1258721494902
7.4833616,17.952921,25.048743,7.426061,12.631783,75.1481196056004,12.0772005764358
7.5133824,18.596484,24.430866,7.603517,12.172601,76.5289890118912,8.72249815887375
7.5471728,19.095966,24.597595,7.800691,12.123752,77.2651763821176,7.44357825732419
7.584704,19.422550,26.255075,7.889420,12.963957,77.1570387691066,10.2408659539876
7.6146368,19.489788,26.892568,7.840126,13.276592,77.4142104339216,11.5226265170818
7.6558592,19.797161,27.579098,7.928854,13.618536,77.5084357768279,12.1203820363543
7.6983312,19.662686,27.471215,9.092180,14.253575,69.4485288157383,10.8169671049878
7.728392,18.625300,25.097781,10.216071,14.009329,58.5001464569937,7.06152779801839
7.7596784,17.511072,21.576861,12.818766,13.950710,36.871663731648,-1.16438884318214
7.7946864,16.425660,17.211949,16.837313,14.429432,4.28434066894906,-13.0099433591581
7.8408912,15.267688,12.856095,21.366242,20.266281,-45.5506596015935,-15.9005248114738
7.873376,10.403454,9.353552,25.534028,29.801508,-106.200885135709,-5.27703835519885
7.9037216,6.243761,8.272030,25.846367,33.864428,-135.446383732437,5.26780225475591
7.9436672,4.352114,8.053741,26.256314,35.895888,-148.076410589703,10.2370968689593
7.9733808,4.313509,7.775919,26.432005,35.594571,-149.495322291574,9.25711519178586
8.0046896,3.975715,7.210352,25.758522,34.224064,-152.066501890844,8.57995452633268
8.0446416,3.821295,6.783697,25.124081,32.727199,-153.04533938419,7.43299374868437
8.0749136,3.753736,6.615019,24.518923,31.658010,-152.656595593752,6.96999046529158
8.1061664,3.647573,6.545564,23.728312,30.734619,-151.860927088263,7.30128531049866
8.1374368,3.551060,6.515797,22.840096,30.306943,-151.168542985803,8.65059872380846
8.1859136,3.541409,6.674553,22.527756,30.890137,-150.609034850413,10.4324940827439
8.217088,3.454547,6.456264,21.942118,29.937586,-150.673611889418,10.1274516045295
8.2471232,3.464199,6.267742,21.805470,28.810077,-150.296331360665,8.36645092065612
8.3008752,3.608968,5.960153,22.205655,27.293772,-149.977981412243,4.19583402549782
8.3284256,3.821295,5.424353,22.654644,24.970715,-149.730306668457,-2.30569369054711
8.3596816,3.908157,5.344975,23.357409,24.999875,-150.577537995564,-4.06841406554432
8.3999104,3.888854,5.394586,23.747834,25.524750,-151.476509387749,-3.77089460863916
8.4311424,3.821295,5.533497,24.187062,26.768897,-152.961523548752,-2.04509547321024
8.4770992,3.879203,5.940308,25.036236,28.567080,-153.084379050811,-0.110423740839444
8.5311536,3.773039,5.999842,25.465703,29.587670,-154.847188903154,1.0028779819628
8.5624864,3.599316,6.218130,24.762938,30.530501,-154.836173189011,4.52163515079175
8.5920944,3.464199,6.168519,23.816158,30.443021,-154.842470155087,6.48756414227099
8.6333488,3.570363,6.565408,24.235865,31.978766,-153.978472098792,8.28768330339458
8.66336,3.647573,6.545564,25.075278,32.600840,-155.092764039247,7.34671409310728
8.6946736,3.599316,6.386808,25.709719,32.649440,-156.85722894971,6.06327089509645
8.7259104,3.705480,6.178442,26.861472,33.047956,-158.803953655744,3.98255097780525
8.7658848,3.763388,5.652564,28.725751,32.153725,-162.124489678989,-1.53876384269923
8.7958912,3.792341,5.414431,29.057612,31.356692,-162.863671718417,-3.74106905450136
8.8271248,3.937110,4.858787,30.570509,29.888987,-165.130206940011,-9.76641643054747
8.877128,6.234110,6.525719,31.517289,27.225733,-142.85436516248,-16.5390131010231
8.9183584,14.814079,16.249494,27.427588,19.896925,-48.5351760428361,-19.0260661626957
8.9508768,15.740600,18.291323,18.721113,14.107028,0.273878663729661,-13.6798738529195
9.0096768,17.184488,23.626645,10.048473,12.797870,57.4744122621614,6.29882070115661
9.0408944,21.497320,28.324474,9.230202,15.445495,69.4539384008266,9.79651094238216
9.0721232,21.103498,28.000824,9.289354,15.797209,66.4632869536119,10.4363602276598
9.1234448,19.009517,24.627017,8.549952,14.126567,64.8065232751586,9.08228160626854
9.1659376,17.991343,22.077048,8.559811,13.335211,59.8736077413133,6.14088993648249
9.1933984,17.578310,20.988406,8.569669,13.110505,57.0584786206997,4.88313355647069
9.2446528,17.482256,20.792255,8.697832,13.344981,54.6371518057819,4.87731301788765
9.2746496,16.992379,19.693806,8.766843,12.915108,52.0298436255728,3.21654298237008
9.3059152,16.435265,18.654203,8.530235,12.309378,51.5367186990302,2.0641340963214
9.3470832,16.618864,18.154017,8.471082,12.065133,52.1034146332751,0.410294049398935
9.3758928,16.454793,18.350168,8.402072,12.211680,51.815605686064,1.57380346320518
9.4083792,16.551306,19.350541,8.441506,12.778330,52.0229892941007,4.07998604400708
9.4377072,16.598557,20.478413,8.559811,13.452449,51.5722539849302,6.76291548787558
9.4783792,17.021196,21.498400,8.747126,14.028869,51.9833244579587,7.98835315613202
9.5121392,17.607126,22.508581,8.776702,14.273115,54.8692885332148,8.60415429266317
9.539672,18.068186,23.401070,8.934441,14.673678,55.7964980758474,9.23397845155356
9.5896496,18.442797,23.508954,9.082321,14.585749,56.6993960834861,8.20059653323451
9.6221456,19.163204,24.852592,9.309071,15.416185,57.1314726824621,9.40156075497539
9.66088,19.326496,24.940860,9.417517,15.357566,57.4988467838741,8.91643574221622
9.7046912,19.009517,24.185676,9.210484,14.839765,58.0139902911849,8.15653956300728
9.7459136,18.884647,25.960848,9.062604,15.924216,57.9434311963595,12.591500309336
9.7946992,17.818445,24.970283,10.117484,16.601877,46.4278888275702,12.2030087550795
9.8333328,16.704217,21.076675,12.177951,14.829995,32.3750466962516,2.19831908333611
9.864648,16.088045,19.693806,13.706049,15.035162,19.9999971314055,-1.44274428673099
9.8946944,15.315944,18.879778,14.741212,15.640891,9.16123026591443,-2.28223792500245
9.9359392,14.437680,17.771521,15.460896,16.592157,-3.09803293941653,-2.24072411129284
9.9658336,13.607672,17.644023,16.328461,18.818015,-16.3235471969296,1.0426934648239
9.9983312,12.806617,16.918262,17.520557,21.607628,-33.1916340769673,3.41288290303064
10.0271808,12.237193,15.941905,19.384835,22.705977,-46.4857738861871,1.23642525888253
10.0683392,11.416836,13.679639,20.038797,21.578468,-57.2375064441548,-3.66408676824749
10.0983984,10.789504,12.538584,20.263291,20.868915,-63.4220186168544,-5.99736454615642
10.128392,10.538571,12.528662,20.273052,21.296591,-65.5975704791732,-4.84659453325659
10.1696592,10.596479,12.965239,20.624434,22.045024,-66.0844951521782,-3.6393353582508
10.1996544,10.702643,13.143839,20.887971,22.492139,-66.5312052162802,-3.30177248961584
10.2308432,10.586828,13.004928,20.546349,22.521299,-66.8789483462202,-2.64879577884062
10.2634176,10.548223,12.846173,20.448743,22.385221,-67.1718967547956,-2.87293836220989
10.3021136,10.538571,12.598117,20.585392,22.171383,-68.0879807440022,-3.8547135588645
10.332112,10.712294,12.707262,20.722041,22.113063,-67.0681800295029,-4.33568139180458
10.3658592,10.770202,12.816406,20.722041,22.200542,-66.5663545322988,-4.12021172699501
10.41964,10.963227,13.173606,20.390180,22.045024,-63.1325246382398,-3.54280260890408
10.453456,11.001832,13.421661,19.921670,21.811746,-60.2712142402364,-2.73500319580294
10.4846528,11.069391,13.639950,19.658133,21.675667,-58.1217383508965,-2.24201678807858
10.5283856,11.175554,13.957461,19.306750,21.792306,-55.8140362350035,-1.0952654461107
10.5558592,11.223811,14.215439,19.072496,21.831186,-54.0899019670672,-0.280702667023327
10.5858416,11.175554,14.413883,18.730874,21.918665,-52.8475601391203,0.897886795717868
10.6171088,11.310672,14.602405,18.574704,21.802026,-50.8618371167071,1.04922969488157
10.6571216,11.407185,14.781005,18.408773,21.578468,-48.7691686277323,1.11074372343512
10.6883808,11.600210,14.939761,18.242843,21.413230,-46.5214645943937,1.04940808018548
10.7183568,11.870445,15.098516,18.086673,21.247992,-44.0015963071807,0.823951148149549
10.759688,11.957306,15.306883,17.950024,21.141073,-42.212211252605,1.07522382175053
10.7896832,12.217890,15.445794,17.754811,20.830036,-39.3144228972833,0.684647426646702
10.8212256,12.169634,15.376338,17.793854,20.771716,-39.7107277739335,0.502680112693605
10.8549456,12.362659,15.326727,17.793854,20.616198,-38.7382219112323,-0.182054214585094
10.8933776,12.546033,15.386261,17.813375,20.450959,-37.4156482119542,-0.728159844461482
10.9246832,12.565336,15.475561,17.862178,20.421800,-37.0599254085799,-0.760091592811946
10.9547152,12.768012,15.475561,18.008588,20.246841,-36.2195760731903,-1.68308447906737
10.9970832,12.787315,15.296961,18.018348,20.052443,-36.3061091616407,-2.33184614513981
11.0370752,12.970689,15.237427,18.164758,19.858045,-35.706992490971,-3.34553255131324
11.077128,13.076852,15.088594,18.233082,19.741406,-35.732648276912,-4.09447968028556
11.1184432,13.154062,15.118361,18.408773,19.644207,-35.549882005328,-4.66203481827423
11.1483712,13.211970,15.048905,18.438055,19.595608,-35.5393724611656,-5.01241237794957
11.1797248,13.279529,14.969527,18.535661,19.478969,-35.5306628938281,-5.63139156043746
11.2271664,13.395344,14.850461,18.633268,19.294291,-35.2999777207659,-6.51615457613999
11.280904,13.462903,14.721472,18.955368,19.138772,-35.9945291252965,-7.68151471909629
11.314648,13.617323,14.493261,19.384835,18.837455,-36.6271059340525,-9.59706869528719
11.3620864,13.675230,14.433728,19.570287,18.788856,-37.0110136602868,-10.2010647307283
11.3933888,13.887558,14.076528,19.960712,18.312580,-37.3202246659821,-12.6730684149902
11.4236992,13.916512,14.007072,20.068079,18.127902,-37.2597368183612,-13.3507447321255
11.467096,13.974419,13.957461,20.116882,17.982104,-36.9596915027025,-13.8766287875662
11.495896,14.138491,13.987228,20.204728,17.816865,-36.0132698514872,-14.5377249204618
11.525912,14.273608,13.997150,20.126643,17.797426,-35.1966771014174,-14.6491958826344
11.5596624,14.350819,14.086450,20.146164,17.758546,-34.5200848378539,-14.7188216601158
11.6071376,14.408726,14.116217,20.038797,17.690507,-33.701324670156,-14.7056078386681
11.6383888,14.456982,14.155906,20.009515,17.700226,-33.3193725153258,-14.6486100804286
11.6796544,14.485936,14.165828,19.902148,17.758546,-33.0368709121742,-14.3971792002022
11.7308704,14.466634,14.265050,19.599569,17.914064,-32.3248738888136,-13.4091759425414
11.7596656,14.505239,14.374194,19.462920,18.020983,-31.6948346780325,-12.8638226429997
11.7997264,14.553495,14.394039,19.423878,17.943224,-31.111791300197,-12.981206314626
11.8421504,14.621054,14.334505,19.472681,17.875185,-31.0274215223479,-13.4010963754108
11.8721344,14.717566,14.374194,19.453160,17.797426,-30.249405542928,-13.5969133127154
11.9021056,14.794776,14.394039,19.423878,17.826585,-29.8938989571525,-13.5900553429566
11.9433744,14.814079,14.364272,19.453160,17.700226,-29.6537939908222,-13.9474348412054
11.9734032,14.881638,14.354350,19.492202,17.709946,-29.5831900020864,-14.1246345278696
12.0050256,14.968499,14.294817,19.541005,17.554428,-29.1769200195725,-14.7318830829895
12.035896,14.929894,14.205517,19.404357,17.525268,-29.1663110282551,-14.6541989034103
12.087144,14.958848,14.413883,19.345793,17.525268,-28.1303686846896,-14.2325384769262
12.1171008,14.987802,14.572639,19.179862,17.680787,-27.4191763090656,-13.4471805102496
12.1509712,14.978150,14.741316,19.052974,17.768266,-26.7307620020139,-12.7684927172677
12.1884448,14.968499,14.830616,18.916326,17.768266,-26.0462136463046,-12.3667430392212
12.2197568,15.036058,14.909994,18.740634,17.671067,-24.7190385700449,-12.215777479046
12.250904,14.881638,14.979450,18.574704,17.758546,-24.7924187652967,-11.3988666537229
12.2970976,14.823730,15.128283,18.506379,17.914064,-24.7234384584542,-10.6559847610925
12.3421136,14.756171,15.257272,18.330688,18.108462,-24.5588038480381,-9.68331813179824
12.3797024,14.592100,15.237427,18.184279,18.195942,-25.0442807355807,-9.0305239162778
12.4358848,14.543844,15.207661,18.135476,18.215381,-25.2384500023408,-8.87910742512738
12.4658384,14.466634,15.336650,18.145236,18.302861,-25.3383930489812,-8.39345032884395
12.5071696,14.466634,15.416027,18.057391,18.487539,-25.3376808213423,-7.7942236201945
12.5558944,14.408726,15.356494,18.047630,18.536138,-25.8733528880522,-7.69393858618406
12.5858256,14.350819,15.396183,17.989066,18.604178,-25.9666648378588,-7.3083458243201
12.6158496,14.350819,15.475561,17.989066,18.575018,-25.5958230076469,-7.22427403877251
12.65844,14.341167,15.346572,17.910981,18.506979,-25.6659596979826,-7.40009546260574
12.688464,14.292911,15.366416,17.901221,18.613897,-26.053883531841,-7.0846398219588
12.7196432,14.302562,15.376338,17.842657,18.701377,-26.0680014873338,-6.83501976522316
12.7647056,14.263957,15.425950,17.881700,18.759696,-26.3131925523689,-6.65571225297357
12.8121696,14.263957,15.406105,17.998827,18.798576,-26.8395018909808,-6.831135062375
12.8408976,14.157793,15.356494,17.891460,18.818015,-27.1467437403489,-6.50323697812932
12.88468,14.206050,15.346572,17.920742,18.856895,-27.2063330882294,-6.59260524159376
12.9221312,14.128840,15.316805,17.881700,18.856895,-27.4805860257426,-6.43576195323175
12.9733584,14.148142,15.287038,17.832896,18.876335,-27.4330910693314,-6.40047245715018
13.0246416,14.215701,15.217583,18.057391,18.837455,-27.9791954339636,-7.09904897571039
13.0571424,14.273608,15.098516,18.125715,18.769416,-28.2023107630215,-7.63527276509032
13.085896,14.321865,15.068750,18.233082,18.662497,-28.1363620683137,-8.13871157096598
13.1370976,14.370121,14.949683,18.447816,18.487539,-28.5092017039146,-9.09617534086865
13.1683456,14.418377,14.820694,18.545422,18.400060,-28.8329650908595,-9.71913706750898
13.2049664,14.456982,14.810772,18.672310,18.351460,-28.9542930832143,-10.1050844408149
13.2608896,14.630705,14.701628,18.828480,18.234821,-28.8329022993139,-11.0592578377739
13.3008528,14.775474,14.493261,18.984650,17.884905,-28.5049547098021,-12.5437577037888
13.3371328,14.756171,14.443650,19.082256,17.807145,-28.8141955873949,-12.9003017411307
13.3847184,14.910592,14.374194,19.296990,17.758546,-28.9837456647344,-13.7271617831714
13.4133552,14.920243,14.473417,19.414117,17.671067,-28.6728933526253,-13.9169992873942
13.4446784,14.920243,14.344428,19.462920,17.593308,-29.059097639589,-14.3652133897605
13.4858512,14.871987,14.284894,19.560527,17.573868,-29.6777755027211,-14.5877667875775
13.515864,14.862335,14.255128,19.589808,17.554428,-29.8503539934462,-14.7081731513706
13.5458752,14.823730,14.235283,19.745978,17.641907,-30.7615665346088,-14.7811644490194
13.5797056,14.707915,14.185672,19.667893,17.641907,-31.1470098242236,-14.5496950116144
13.6271232,14.592100,14.344428,19.589808,17.826585,-31.2926738477093,-13.6166208224285
13.6633968,14.514890,14.265050,19.628851,17.884905,-32.1467341667916,-13.5902859446574
13.7133792,14.447331,14.314661,19.589808,18.020983,-32.4878107332884,-13.0841697626304
13.7496928,14.399075,14.165828,19.648372,18.118182,-33.6574726601411,-13.1924460836507
13.7809024,14.360470,14.076528,19.667893,18.302861,-34.7056820880609,-12.9924709981684
13.8146304,14.331516,14.046761,19.589808,18.506979,-35.2759250909988,-12.5070406209702
13.8636736,14.225352,14.096372,19.619090,18.536138,-35.6495355998833,-12.2400481251058
13.893392,14.157793,13.947539,19.433639,18.477819,-35.7829765852901,-12.1753458300362
13.925864,14.157793,13.987228,19.433639,18.506979,-35.7149791033957,-12.0544818423328
13.9634064,14.099886,13.977306,19.501963,18.604178,-36.4309582773957,-11.9192974656093
14.0072176,14.157793,13.997150,19.570287,18.643057,-36.4356070317042,-12.0303568719405
14.0446736,14.109537,14.056683,19.482442,18.662497,-36.2037177469406,-11.6622167286999
14.0971024,14.051630,14.096372,19.384835,18.740256,-36.2171113567722,-11.1935417857495
14.1284048,14.003373,14.155906,19.336032,18.905495,-36.4972921760657,-10.6390226086357
14.1597072,13.916512,14.205517,19.228665,19.041573,-36.7166169588929,-9.98673927947439
14.2109264,13.800697,14.274972,19.101777,19.119333,-36.7552372902726,-9.31600748351186
14.2597056,13.684882,14.265050,19.043214,19.313731,-37.6042554677155,-8.69916499973495
14.3021024,13.607672,14.423805,18.916326,19.488689,-37.4288737098196,-7.77917375567315
14.3621824,13.482205,14.423805,18.877283,19.634487,-38.1953650786656,-7.24588848412014
14.4284304,13.404995,14.582561,18.613746,19.760846,-37.5107829308351,-6.16831057566646
14.4633408,13.376041,14.681783,18.506379,19.790006,-37.0303923362647,-5.71306002774407
14.4947184,13.279529,14.632172,18.438055,19.780286,-37.3665151418446,-5.51610072469225
14.5271504,13.154062,14.552794,18.320928,19.819166,-37.9278213064184,-5.14624228538885
14.5646736,13.163714,14.741316,18.301406,19.994124,-37.6048243181001,-4.53010823026116
14.594704,13.173365,14.810772,18.252603,20.101043,-37.4660276108919,-4.17138028923329
14.6322032,13.086504,14.820694,18.281885,20.207962,-38.1308051453871,-3.87725645157381
14.6771472,13.038247,14.830616,18.233082,20.266281,-38.3018812184566,-3.59059180414362
14.7084384,13.086504,14.850461,18.106194,20.344041,-37.9096654254417,-3.28983838624447
14.7388064,13.047899,14.919916,18.145236,20.421800,-38.1132594889316,-3.05360183539628
14.7808384,13.096155,14.939761,18.067151,20.441240,-37.6959946113413,-2.93621143315447
14.809696,12.999642,14.969527,17.950024,20.480119,-37.7328933061779,-2.43578009541662
14.840904,12.941735,15.038983,17.891460,20.412080,-37.3408649179603,-2.21961891780082
14.8996832,12.932084,15.148127,17.774333,20.480119,-36.8303122035903,-1.70327651815407
14.933408,12.864525,15.247350,17.676727,20.518999,-36.5487341672041,-1.17842969511778
14.9621632,12.748710,15.396183,17.618163,20.616198,-36.5315140955083,-0.466110919451658
14.9997184,12.777663,15.366416,17.588881,20.655077,-36.5611100042758,-0.451181945548717
15.0433952,12.739058,15.574783,17.452232,20.810596,-35.9771062176803,0.444478836403185
