0.0341584,16.867509,17.594985,15.028579,15.522609,0.228553489021762,5.80188902283816
0.0653552,16.992379,17.585177,15.058155,15.434710,0.794075244813667,5.35826248414707
0.0965232,17.011590,17.526332,15.117308,15.473776,0.32360128247999,5.18494735419761
0.1366,17.098039,17.477294,15.137026,15.317513,0.922746452552664,4.64125583130402
0.1678096,17.136461,17.379218,15.206038,15.268680,0.665132775673023,4.19570954576356
0.1990432,17.174882,17.281143,15.284909,15.258914,0.234310187301048,3.80077911350888
0.2503232,17.184488,17.349796,15.353920,15.297980,0.098023780356046,3.85127072968792
0.2803472,17.194093,17.330180,15.344062,15.239381,0.307918846015115,3.71499648083245
0.3140704,17.222909,17.310565,15.284909,15.288213,0.373060158965899,3.81927514476916
0.35412,17.261331,17.379218,15.275050,15.229614,0.948608466291063,3.78679166830351
0.382784,17.232515,17.389026,15.284909,15.161249,1.09640431275543,3.71756192953053
0.4140464,17.174882,17.398833,15.245473,15.180782,1.01787650459454,3.93932296122006
0.4454032,17.213304,17.477294,15.196179,15.258914,1.27957687838033,4.23174928369078
0.4852864,17.155671,17.467486,15.206038,15.249147,1.06947945960805,4.28173918665015
0.5177952,17.126855,17.438064,15.146885,15.268680,1.02832727817339,4.41965619053654
0.5841024,17.126855,17.418449,15.156744,15.385878,0.517636585513992,4.572048495741
0.617848,17.098039,17.428256,15.206038,15.415177,0.181104503909758,4.60381285024189
0.6478032,17.011590,17.290950,15.235614,15.454243,-0.761945081238434,4.53350393621793
0.68168,17.030801,17.300758,15.304626,15.483543,-1.01585074520254,4.4458129226709
0.731592,17.021196,17.251720,15.413074,15.493309,-1.6140672509696,4.20353161535599
0.7603344,17.126855,17.173259,15.452509,15.444477,-1.49559611745916,3.72710074773789
0.7915792,17.098039,17.143836,15.482085,15.424944,-1.71414970679769,3.64015548360682
0.8428096,17.098039,17.153644,15.482085,15.346812,-1.40997173580349,3.5204526822373
0.8728272,17.213304,16.977108,15.531380,15.219848,-1.33094129960367,2.69851125096628
0.9028896,17.136461,16.986915,15.551097,15.258914,-1.74898952280106,2.88448601732955
0.947888,17.213304,16.986915,15.560956,15.258914,-1.54067986585971,2.73350482505779
0.97536,17.261331,16.977108,15.600392,15.200315,-1.35296304806714,2.46057062528484
1.005336,17.261331,16.879032,15.590533,15.190548,-1.59383289376984,2.28634031708396
1.0390656,17.280542,16.849609,15.679262,15.102650,-1.62904594004114,1.89053248169331
1.0778368,17.299753,16.800571,15.620109,15.190548,-1.82421834625848,2.02890039816534
1.1078576,17.357385,16.898647,15.728557,15.337046,-2.22210194753205,2.17614177791431
1.1415328,17.309358,16.849609,15.610250,15.346812,-2.15056213582926,2.3939063022485
1.1827936,17.338174,16.790764,15.610250,15.288213,-2.04093358445534,2.13577013956432
1.2215664,17.376596,17.006530,15.491944,15.366345,-1.09938911131572,2.79390233676356
1.2515648,17.386201,16.908455,15.422932,15.337046,-1.03305463962241,2.67230905588778
1.2928608,17.309358,17.016338,15.363779,15.346812,-0.762003295074852,3.1166387209459
1.3240944,17.366991,17.026146,15.383497,15.307746,-0.482198512196769,2.93030760024349
1.3541872,17.280542,17.094799,15.373638,15.356579,-0.674983030132253,3.30489719375313
1.3878112,17.270936,17.104606,15.393356,15.356579,-0.74356708299273,3.30447244758593
1.4253472,17.338174,17.084991,15.482085,15.258914,-0.56281561720523,2.82665665811199
1.4565968,17.299753,17.026146,15.432791,15.239381,-0.626283989084508,2.84090411424466
1.487168,17.424623,16.967300,15.531380,15.278447,-0.902144162658638,2.4181801045946
1.5206848,17.299753,16.918262,15.560956,15.229614,-1.38184561603822,2.40997214757428
1.5628688,17.261331,16.947685,15.403215,15.346812,-1.26800547526214,3.01058783681393
1.599048,17.213304,16.947685,15.393356,15.385878,-1.52215055804,3.1805948364361
1.6291136,17.107644,16.996723,15.324344,15.493309,-1.83592992273505,3.76192793725387
1.6703536,17.146066,17.173259,15.255332,15.678873,-1.56511587337388,4.44745187207169
1.7015472,17.050012,17.212489,15.146885,15.717938,-1.50160737489283,4.94399187923236
1.7316416,16.982774,17.212489,15.186320,15.717938,-1.85154464465505,4.99322707857484
1.7715712,16.905931,17.271335,15.038437,15.854669,-1.86941944074881,5.7301726945745
1.8053632,16.886720,17.320373,14.939849,15.874202,-1.49860182430027,6.0584983331109
1.8440896,16.857903,17.271335,15.028579,15.923035,-2.22557709001793,5.95098969483094
1.876576,16.838693,17.261527,14.929990,15.923035,-1.97292118949566,6.14502775296248
1.9140736,16.877114,17.349796,15.008861,15.913268,-1.81408367787777,6.06968210026371
1.9453552,16.857903,17.261527,15.087732,15.805837,-2.05390985367921,5.62695267114619
1.9778544,16.934747,17.212489,15.156744,15.825370,-2.27500795708566,5.31649485861094
2.0253136,16.982774,17.192874,15.206038,15.737471,-2.05055453924375,4.95816268049931
2.0565696,16.973168,17.183067,15.245473,15.688639,-2.07911277875034,4.80378991412653
2.0866192,17.011590,17.212489,15.215897,15.659340,-1.65915675609798,4.7883588727329
2.1279072,17.021196,17.261527,15.166602,15.639807,-1.23342079116687,4.9097243803729
2.1590976,17.021196,17.320373,15.097590,15.610507,-0.703351992636604,5.08320605074558
2.1915872,16.953958,17.418449,15.137026,15.698406,-1.05306666599074,5.45349025222702
2.2216096,16.963563,17.389026,15.127167,15.688639,-1.04659691780611,5.38646481646004
2.2615904,17.021196,17.320373,15.097590,15.483543,-0.256310274531018,4.86304828937197
2.2941072,17.050012,17.330180,15.087732,15.522609,-0.238028855386126,4.91426857018005
2.3228464,17.030801,17.349796,15.018720,15.561675,-0.131167291364042,5.17264043963677
2.3628256,17.021196,17.506717,15.048296,15.503076,0.432437673890723,5.30713947435521
2.3928384,17.030801,17.477294,15.058155,15.630040,-0.111466133703317,5.44070674720983
2.4240944,17.030801,17.457679,14.969425,15.581208,0.311806534072231,5.48056026106538
2.4778432,16.992379,17.477294,15.028579,15.620274,-0.0932545736900288,5.54477686036762
2.5240704,16.925141,17.526332,14.949708,15.678873,-0.0788529361494117,5.99037417646256
2.5553552,16.963563,17.487102,14.959567,15.727705,-0.287914729879716,5.92061106767533
2.5965328,16.934747,17.438064,14.939849,15.757004,-0.565707645318684,5.97343178531497
2.6266096,16.867509,17.487102,14.870837,15.835136,-0.65491260426912,6.4353219374433
2.6565936,16.877114,17.428256,14.929990,15.815603,-0.948857852099009,6.17787899875935
2.6890944,16.838693,17.389026,14.949708,15.874202,-1.46806197113309,6.24457374428486
2.739096,16.896325,17.271335,15.018720,15.805837,-1.65992466589949,5.6984417035491
2.7778736,16.848298,17.339988,15.028579,15.844903,-1.76599690564426,5.95188346597438
2.8115776,16.867509,17.349796,14.989143,15.903502,-1.74139057120426,6.10537017064726
2.8503104,16.877114,17.271335,15.087732,15.913268,-2.3369852403908,5.79436486914379
2.8815952,16.867509,17.349796,14.999002,15.913268,-1.80995914352089,6.10447165199002
2.911632,16.819482,17.300758,15.048296,15.932801,-2.35688223892488,6.05164650716075
2.9528512,16.800271,17.251720,14.999002,15.923035,-2.3670425768379,6.07335299537595
2.982864,16.761849,17.241912,15.068014,15.864436,-2.5564846517763,5.90096281754787
3.014088,16.761849,17.232105,15.028579,15.864436,-2.44985827408531,5.95471662281655
3.0465952,16.761849,17.310565,15.127167,15.923035,-2.74902435386853,6.01375844280964
3.1003296,16.809876,17.261527,15.127167,15.893735,-2.65025640596241,5.7935449747134
3.1378448,16.800271,17.222297,15.097590,15.913268,-2.77021174430594,5.82963208101574
3.1716528,16.781060,17.310565,15.087732,15.932801,-2.58488391426851,6.06664554853703
3.207864,16.761849,17.271335,15.058155,15.893735,-2.53092841747609,6.01958601385012
3.2381504,16.742638,17.271335,14.989143,15.913268,-2.41912032160502,6.21131314839153
3.2695728,16.800271,17.339988,15.018720,15.981634,-2.36063872361604,6.28970045893417
3.3091104,16.781060,17.339988,15.146885,15.952334,-2.76534099837078,6.04483208980827
3.340352,16.761849,17.330180,15.038437,15.962101,-2.51396260056601,6.27301304919342
3.3707744,16.713822,17.320373,15.107449,15.923035,-2.8016416827602,6.15173405415092
3.4015744,16.723428,17.261527,15.097590,15.962101,-3.05967340583229,6.11827922747687
3.4415968,16.761849,17.202682,15.215897,15.923035,-3.39990005015554,5.67017004883566
3.4728832,16.771455,17.183067,15.196179,15.815603,-2.98969560178554,5.46922295292569
3.5028352,16.752244,17.163452,15.353920,15.844903,-3.76300543878613,5.23952544961496
3.5443744,16.809876,17.104606,15.373638,15.717938,-3.39479291620643,4.78066170600008
3.5740944,16.819482,17.114414,15.462368,15.766771,-3.80998355039297,4.70851730572205
3.6053584,16.838693,17.065376,15.442650,15.688639,-3.56589741129106,4.48854923736329
3.6380432,16.838693,17.045761,15.403215,15.649573,-3.35562488227985,4.45601447801065
3.676584,16.829087,17.163452,15.314485,15.727705,-2.97468130475012,4.97045335419341
3.7153872,16.819482,17.163452,15.344062,15.737471,-3.14204471748994,4.95197479077716
3.7691152,16.771455,17.290950,15.235614,15.835136,-2.85222590233693,5.61857784128901
3.8103552,16.771455,17.290950,15.176461,15.844903,-2.6803965174681,5.74078277040556
3.8403808,16.713822,17.300758,15.166602,15.962101,-3.20531680359138,6.07924891272082
3.872888,16.694611,17.281143,15.107449,15.903502,-2.91927019381663,6.08534065671355
3.9116176,16.646584,17.339988,15.058155,16.358880,-4.29064283694564,7.13581737079858
3.945296,16.665795,17.310565,15.038437,16.456079,-4.5893674698333,7.25114293374813
3.9728704,16.550530,17.339988,14.920131,16.465799,-4.48948853711001,7.73811173308878
4.0140768,16.608163,17.359603,14.969425,16.446359,-4.34616574455962,7.54530432584703
4.0443808,16.550530,17.418449,14.969425,16.533838,-4.64287310479793,7.8951703858795
4.0756256,16.560135,17.428256,14.920131,16.543558,-4.44524546585866,7.99961388060356
4.1165648,16.473687,17.506717,14.841260,16.572718,-4.29974578168572,8.47925043690214
4.1578192,16.483292,17.496909,14.831402,16.631037,-4.4669993753874,8.56064496316803
4.1891104,16.512108,17.536140,14.742672,16.689356,-4.14625548006594,8.83196865880363
4.2178352,16.502503,17.604793,14.713095,16.640757,-3.68988722404731,8.93663799929517
4.27788,16.512108,17.624408,14.703237,16.708796,-3.7976811791294,9.08248896152207
4.3090992,16.416054,17.575370,14.634225,16.660197,-3.85260224616526,9.2220502536909
4.3428768,16.406449,17.536140,14.644084,16.611597,-3.87411072073931,9.07550667677798
4.3928288,16.454476,17.536140,14.752531,16.669917,-4.29640524160312,8.88666239635725
4.431568,16.492898,17.653830,14.713095,16.660197,-3.63200734283135,9.06775559157119
4.4653968,16.425660,17.614600,14.693378,16.699076,-4.03545726806973,9.22585835445742
4.5053248,16.512108,17.585177,14.693378,16.669917,-3.75414170366736,8.97091625904936
4.5340656,16.406449,17.585177,14.683519,16.757396,-4.35669448900701,9.32686513301209
4.5653296,16.473687,17.575370,14.693378,16.631037,-3.77305667368763,8.96009165146106
4.6066672,16.492898,17.526332,14.732813,16.708796,-4.27134750499564,8.90090373765293
4.6365968,16.425660,17.526332,14.683519,16.689356,-4.24864448521103,9.08125072488636
4.667824,16.396843,17.575370,14.732813,16.660197,-4.25363327261984,9.07685758573868
4.7016752,16.454476,17.487102,14.703237,16.669917,-4.28275873177586,8.89497861818635
4.7503904,16.473687,17.536140,14.742672,16.660197,-4.16797340021665,8.85345365832005
4.7791456,16.531319,17.516524,14.821543,16.640757,-4.25157675032393,8.54022381078333
4.8091088,16.521714,17.467486,14.821543,16.553278,-4.13696408411508,8.32978978851777
4.8617008,16.675400,17.418449,14.791966,16.465799,-3.40084672310672,7.87603571843657
4.892864,16.800271,17.457679,14.801825,16.397759,-2.68085763296448,7.58439732509886
4.9228672,16.905931,17.418449,14.821543,15.991400,-1.12523759054728,6.60441275849186
4.9653632,16.819482,17.349796,14.742672,15.981634,-1.30314215479818,6.76813107409225
4.9953648,16.857903,17.359603,14.782107,15.952334,-1.1864959153058,6.59447677106544
5.0466112,16.829087,17.428256,14.762390,16.339440,-2.34383394947505,7.45578466685589
5.097824,16.800271,17.477294,14.683519,16.514398,-2.61325829960936,8.02653876830368
5.1278752,16.790665,17.575370,14.683519,16.494958,-2.26754508879646,8.17541610827015
5.1591024,16.800271,17.604793,14.663801,16.524118,-2.17767171417265,8.29147021693788
5.1990688,16.617768,17.585177,14.634225,16.543558,-2.77892071977649,8.67598907118997
5.230328,16.588952,17.693061,14.565213,16.650477,-2.66075823111659,9.21117019166714
5.2603936,16.512108,17.683253,14.476483,16.601877,-2.45788934084694,9.41738270479189
5.2903456,16.521714,17.673446,14.476483,16.592157,-2.42474430419378,9.36736990310458
5.3315664,16.473687,17.761714,14.545495,16.699076,-2.90762309743306,9.65181246656078
5.3616528,16.387238,17.791137,14.496201,16.786555,-3.21966864731252,10.0935159131561
5.393976,16.406449,17.810752,14.456765,16.689356,-2.62416858109195,10.0031026123545
5.4328064,16.329605,17.908827,14.515919,16.767116,-3.03095702940674,10.3245049652264
5.4641216,16.339211,17.869597,14.486342,16.737956,-2.92144835350101,10.2491475170215
5.4953664,16.329605,17.928443,14.368036,16.747676,-2.38980643962586,10.5977493323645
5.5291072,16.339211,18.046133,14.289165,16.805995,-1.91793813788245,11.0134587157111
5.5665808,16.483292,18.154017,14.230012,16.990673,-1.5646376978453,11.3307223602204
5.5978624,16.358422,17.977480,14.013117,16.835155,-1.21269615269253,11.4269979362596
5.6303696,16.444870,18.104979,13.815940,16.621317,0.904447741137263,11.4933332500556
5.6866912,16.675400,18.771894,13.569469,16.436639,5.20142977714831,12.3052033334859
5.7203728,17.098039,19.223043,13.322998,15.737471,11.2459297709053,11.5750884201799
5.7515792,17.280542,19.379964,13.106104,15.522609,13.8371798369787,11.5451623086421
5.8016144,17.424623,19.389771,12.780762,15.356579,16.1263779879582,11.6300782358752
5.8328704,17.693575,19.291696,12.061066,15.288213,19.6308802381704,12.210319190022
5.8628368,18.365954,18.781702,12.425843,14.985452,19.8547558581056,8.91397335580655
5.9041024,18.750171,18.310938,12.790620,14.838955,18.7681037084048,6.49561600218881
5.9340752,19.480183,16.722111,14.013117,15.102650,10.6922826916892,0.747893771527379
5.9653504,19.460972,16.643980,14.959567,16.980954,0.453591648307723,2.32708940537323
5.996616,18.433192,15.483032,16.546841,20.956395,-23.6699829341946,5.98949512100161
6.0466,15.704494,14.629685,18.174518,26.350942,-53.8386687470247,14.4746985846653
6.0778176,8.013285,12.039878,19.541005,30.997056,-106.292131137107,28.6634157955841
6.1078656,6.305200,12.059723,20.204728,31.832968,-116.345857388988,31.8071837544489
6.1490592,6.343800,12.029955,20.380419,31.677449,-116.338070494694,31.1488379735075
6.1803568,6.305200,11.970419,20.438983,31.794088,-117.064199356986,31.1788416350333
6.2103616,6.170097,12.149027,20.185206,32.134285,-117.003952859377,32.5930891252646
6.2453552,5.899891,11.851348,19.414117,31.823248,-117.88250911435,33.9998994338373
6.2853312,5.600735,11.732276,18.369731,31.162294,-117.052445379409,35.9242211283096
6.3316096,5.320879,10.968233,16.915398,28.761478,-115.472866106644,35.8430066330359
6.3741072,5.089274,10.571328,16.517264,27.556210,-115.775890517197,35.1896446674702
6.4066096,4.934871,9.985892,15.827145,25.845507,-115.136607840234,34.0152970321819
6.436576,4.925221,9.618755,15.708839,24.854076,-115.017708793241,32.2883654614104
6.4678464,5.002423,9.529451,15.787710,24.397241,-114.298805574364,31.0294263691833
6.5078976,5.118225,9.648522,16.063757,24.805477,-114.370709402727,30.8548153354888
6.5391136,5.234027,10.293494,16.517264,26.681418,-114.808857972359,33.2122774686945
6.5803664,5.195427,10.928542,16.954440,28.829517,-116.521168671743,36.084512098173
6.630312,4.905921,11.117072,17.920742,31.969046,-124.036719698661,38.6999170323432
6.6604576,4.568164,10.601095,18.691831,32.834118,-130.814189952439,38.1448658213453
6.6916128,4.346209,9.598909,19.736218,32.153725,-137.57872774066,34.2577388156763
6.7315456,4.404110,8.884480,20.897732,31.103975,-141.167505656595,29.3035378894193
6.7629072,4.876970,8.299044,23.650227,30.831818,-144.97212963972,21.5265799211212
6.7928624,5.060324,8.120437,24.792220,30.860977,-146.382793800928,18.7788686768547
6.8266352,5.427031,7.673918,27.017642,30.501341,-148.969027846323,12.9107471702571
6.8728592,5.938492,6.830494,30.023914,28.955876,-152.236221379858,3.38030653202273
6.9041056,8.920404,7.763222,32.376224,26.409261,-133.574951715089,-7.10138411873512
6.9553392,12.404126,8.418116,31.858911,18.030703,-101.792559416312,-25.0596599415091
7.005352,19.902821,14.976978,27.456870,11.176522,-23.850885324312,-29.2253274691111
7.0365568,22.890106,21.939741,19.248187,10.336605,31.5572021177598,-11.448069009992
7.0803856,22.477073,28.020439,8.620329,9.369723,89.9648517899705,14.134529716537
7.107856,23.543274,30.570409,6.885172,10.170574,99.9352324154078,20.178744789832
7.1384608,22.688392,30.119260,6.786583,10.571000,96.5874327251266,21.881885748997
7.1691056,20.335065,30.227144,6.195052,11.391385,91.9636684291761,28.9001098373509
7.2191568,18.433192,29.432730,5.761263,11.674613,88.0906711058149,33.1855207744807
7.2490672,17.338174,27.873325,5.721828,11.655080,83.486466328016,33.655943561534
7.2803664,16.138754,26.500265,5.514792,11.762512,78.8449614894335,35.2616166608204
7.3240848,14.604372,26.294305,5.189450,12.075039,75.1768663952225,40.0680922866561
7.3555664,13.291944,24.254330,4.864108,11.508583,72.2216001840062,40.8859059592053
7.3828176,13.089290,24.607402,4.942979,11.957841,69.6672149348479,42.3569896473685
7.4167136,13.176142,24.460289,5.002132,11.967608,69.1419680384438,41.7593070067347
7.4540784,13.832356,25.274317,5.307756,12.250836,69.5320160358822,40.6472978510017
7.4853648,14.961429,26.823915,5.652816,12.602429,72.0506762476105,39.3788306452144
7.5153648,16.100153,28.206783,5.751404,12.543831,77.1611110190735,38.0756242833575
7.5741104,16.416054,29.942724,5.544369,12.387567,82.9314809122539,39.7797625992343
7.6178544,16.963563,31.688473,4.903544,11.410918,94.968176383,40.917368916169
7.6503216,17.962527,33.159609,4.765520,10.951893,101.883082074938,40.1311376494816
7.7003216,18.807803,33.630373,4.834532,10.668665,104.899564584611,38.3202434680271
7.7291632,19.739529,34.895550,5.061285,10.893294,105.837559126886,37.5549916032659
7.7603248,20.642438,34.944588,5.268321,10.971426,105.804061599922,35.4113845967338
7.811624,21.458899,31.698280,7.595009,10.414737,94.1271751037259,24.5789718601199
7.8416064,22.236938,22.312429,12.899068,8.256343,64.2877022570126,-4.26429706415184
7.8753616,22.515495,17.241912,16.603058,8.344242,36.7578088875213,-20.1820543305628
7.9178384,20.988233,13.855720,19.745978,10.678432,1.86358706195559,-24.6355846253553
7.9454048,16.848298,11.513978,22.361825,18.847175,-52.7742980381343,-10.8399813198997
7.9766,10.059127,10.620941,23.503818,29.364112,-107.546354726282,13.614324519942
8.0078752,5.620035,10.988078,23.113393,35.089136,-133.169491048216,30.089287441378
8.046648,5.272628,10.968233,22.635123,35.477932,-134.717716222582,32.0832459547771
8.0791008,5.060324,10.650709,22.010443,34.049106,-134.5099368226,31.6618895536533
8.1091088,5.262978,10.620941,21.376002,32.425882,-130.599980474316,30.5018292316535
8.1515536,5.436682,10.571328,20.995338,31.142855,-127.581701737833,29.2251358414345
8.1803776,5.677937,10.491946,20.673238,29.859827,-124.330098736906,27.5880087878759
8.2203104,5.841990,10.650709,19.950952,28.887837,-119.987073813349,27.6453596689888
8.2541024,5.629686,10.402643,18.408773,27.682569,-117.551547305822,29.436489708091
8.2903408,5.388431,10.025583,17.910981,26.934136,-118.536922082387,29.5029762957181
8.3203744,5.069974,9.301230,17.383908,25.631669,-120.861436954851,28.4498254308896
8.3515664,4.867320,8.785253,17.100850,24.329201,-121.974606177324,26.7285598734988
8.4141168,4.867320,8.695949,17.071568,23.930685,-121.666210865347,25.9891820507265
8.444112,5.079624,9.975969,17.042286,26.652259,-118.333697766725,31.8083689894914
8.4753616,5.069974,10.601095,17.286302,28.314362,-118.550794334772,34.4694290469
8.525336,5.098925,11.117072,17.091089,29.568230,-117.622545089628,37.1940385810987
8.555688,5.176126,12.059723,16.876355,31.531651,-115.60525693887,41.0653907993911
8.5853968,5.012073,12.516164,16.446888,32.668880,-115.411753459455,44.2454036143954
8.6391872,4.828719,13.061909,16.527123,34.554541,-116.981090521425,47.0645268449323
8.6703872,4.915571,13.538195,16.681143,35.798689,-116.64902979011,48.2422562996656
8.69788,5.185776,12.942837,17.745051,34.826698,-118.26879121884,43.710900166696
8.749128,5.716537,11.960496,19.775260,32.843838,-120.411914895582,34.9793559530383
8.7815856,11.825114,12.803920,23.874722,26.710578,-87.5099344370437,9.44176997287967
8.8103632,15.723795,12.416938,23.503818,17.505828,-53.0871030007221,-11.6797880674103
8.8453648,19.105571,13.587809,21.307678,8.568871,-3.04976621966711,-29.6027616228412
8.8903504,22.284965,19.360349,16.964201,6.615573,47.1681259987786,-19.5388861893159
8.9219024,24.849611,34.905358,7.920350,9.389256,106.446765048634,20.7081794245281
8.9528288,24.263681,39.622802,4.913402,10.707731,118.630643451317,33.9903489460149
8.9941232,23.351166,37.318022,4.834532,10.258473,117.443315800148,32.8374984791232
9.0229504,22.611549,32.816344,4.893685,9.272058,115.566747085817,27.548413624261
9.0556736,22.477073,29.854456,5.189450,9.027896,111.198529853187,22.8730189509462
9.1053424,22.803657,27.824287,5.810557,9.047429,105.461038274049,18.03492760942
9.1366576,23.178269,24.048370,6.687995,8.900931,96.2461137888581,9.25521712231422
9.1665488,22.765236,22.204546,7.210514,8.754434,90.2572910569079,5.49948715004947
9.2003184,20.066113,20.743217,6.599265,8.461439,86.9812265670532,8.8412753323359
9.2378336,18.481219,19.938996,6.175335,8.227044,85.6437398958284,11.2340632274973
9.2679184,19.374523,19.762459,6.687995,8.305176,83.769690849603,7.88285293016494
9.3016048,19.912426,20.390144,6.954184,8.627470,82.9744680359947,8.04790679722936
9.3503184,19.729923,21.714167,6.845736,9.203692,82.8308369565041,12.2698590043845
9.3815936,19.566631,22.842038,6.707712,9.692017,82.9541711612313,15.794447367558
9.4116304,19.777951,23.812989,6.776724,10.043610,83.1432768525216,17.4392104305891
9.452816,20.094929,25.450854,6.914748,10.766330,82.6173329541315,20.2614263809327
9.48792,20.267827,27.078912,6.924607,11.479284,82.5050290424066,23.3662320186769
9.5278544,19.912426,28.226398,6.717571,11.938308,82.7659655112066,26.7599927115262
9.5690992,19.422550,28.697162,6.559830,12.162938,82.4191119484056,29.0339900637241
9.5966272,19.422550,29.207156,6.490818,12.387567,82.6168078162639,30.1408972561069
9.6266128,19.825978,29.815225,6.549971,12.465699,83.7770414420172,30.0691202505338
9.65916,19.681896,29.020812,6.431665,12.416866,82.8855128468965,29.5211052855602
9.6978704,19.528210,27.088719,9.576637,13.891606,58.7122097231342,22.976567521063
9.7278736,17.539888,21.606284,13.155398,15.717938,19.9011510859342,14.7700352618037
9.7591376,15.492190,17.060731,18.418534,24.348641,-42.1562045061248,15.0095119689498
9.7991376,10.879394,10.224035,20.234010,27.896406,-97.3120007779103,15.1977483846167
9.8416,4.761168,8.606646,21.454087,35.497372,-146.98232816178,32.6608595672896
9.8704064,3.574193,9.340921,22.849856,38.636901,-154.13368190983,36.685116896726
9.904104,3.998802,10.154577,23.601424,40.007408,-150.486710226944,36.7357174709903
9.9528288,4.191806,10.085118,23.376930,37.859309,-147.431058897497,34.4205874275458
9.982896,4.452361,9.519528,22.430150,33.252074,-142.441075798544,29.6650230320946
10.0128736,4.568164,9.221849,21.532172,30.812378,-139.009603242207,27.6786657298483
10.0540816,4.761168,9.281385,21.317439,29.665429,-135.787930324674,26.2200397009636
10.0853312,4.838369,9.321076,20.927014,28.878117,-133.445817448171,25.8199944852999
10.1153744,4.655015,9.231772,19.755739,28.333802,-132.275792613763,27.857138094889
10.1754064,4.346209,8.626491,18.399013,26.807777,-132.747234999463,28.5236015297646
10.2066096,4.095304,8.001365,17.100850,24.329201,-131.441357450759,27.373827000163
10.2366272,4.076003,7.941829,17.100850,24.154243,-131.615949282562,27.0263025545276
10.280376,4.162855,8.140282,17.159414,24.348641,-130.297287305806,27.3167686900521
10.3190896,4.297958,9.330998,17.325344,27.245173,-127.897886659201,32.9493955856593
10.349072,4.355859,10.055351,17.442472,29.062795,-126.860141006161,36.0725647976509
10.3954544,4.433061,10.501869,17.696248,30.355542,-126.626712489312,37.5560989452678
10.4353824,4.481312,10.978156,18.252603,32.241204,-127.80103447658,39.0690234625057
10.462896,4.529563,11.077382,18.525901,32.416162,-127.750040925617,38.6709139198897
10.4978784,4.683966,11.752121,19.199384,34.301824,-127.536269610497,39.7987765242071
10.535336,4.693616,11.623127,19.501963,34.340703,-128.594978724745,39.0306088645191
10.5641312,4.722567,11.910883,19.472681,35.011377,-128.023357360388,40.0909700097533
10.5953568,4.712917,11.861270,19.326272,34.787819,-127.771428411501,40.1233173361444
10.6453216,4.529563,11.583436,18.389252,33.650590,-126.924570545507,40.9869034178156
10.6766096,5.176126,12.198640,17.296062,32.795238,-117.784399861596,41.7157685377154
10.707864,9.161659,14.381619,16.566559,30.238903,-84.3863140357597,34.2749510221933
10.7553632,14.614022,16.415760,15.472227,24.970715,-41.3100277299834,21.6840257687723
10.8003264,20.037297,17.849982,13.037092,15.854669,16.3674215384742,4.73594141592507
10.8316288,21.977591,19.379964,10.996310,11.381619,51.6746140638177,-0.297042609313418
10.8716112,23.322350,20.233223,10.661110,10.033844,64.2352870781747,-2.93400706136857
10.900336,25.214617,20.645141,10.789275,8.949764,73.4115568085766,-7.47776744231829
10.932824,26.357662,20.184185,10.661110,8.002415,79.7674350363488,-11.7814769222231
10.9665968,26.617008,20.184185,10.335768,7.582456,83.8232178326322,-12.5209098986006
11.002816,26.972409,20.056687,10.138591,7.240629,86.8677575142544,-13.7098015381135
11.0341152,27.174122,20.233223,10.128732,7.269928,87.4548445482317,-13.578615625331
11.0641296,26.751484,20.537258,10.069579,7.611755,85.864499685837,-11.5564411247988
11.1053296,26.098316,21.008022,10.030144,8.266110,82.5726900292614,-8.28743226229635
11.135392,25.003298,20.929561,10.020285,9.184159,76.0421593934721,-4.93298616536277
11.1665968,24.724741,20.870716,10.089297,9.447854,73.8211276241605,-4.20830051457494
11.201584,24.311708,20.654949,10.197744,10.092443,69.0717670958117,-2.91210036231133
11.2391472,23.572091,20.527450,10.256897,11.069091,62.5637323359864,-0.229895933673544
11.2691312,22.909317,20.223416,10.306191,11.791811,57.0176438140431,1.56234274322517
11.3003168,22.313781,20.144955,10.355485,12.553597,51.9526215168581,3.71107886457023
11.3503072,21.967986,20.095917,10.424497,12.846592,49.4772211828381,4.61971932358696
11.3815984,20.728887,19.909573,10.661110,14.243199,39.1764740158631,8.46536269627776
11.4228512,20.469541,19.772267,10.808992,14.555727,36.2976791399875,8.95884590906699
11.4728832,19.460972,19.164197,10.996310,15.434710,27.7844484328723,10.9175055973023
11.5040784,19.067150,18.899393,11.144193,15.952334,23.3740506800048,11.7906361759879
11.5340784,18.606090,18.771894,11.292076,16.689356,18.3292715962327,13.3631478326282
11.5753056,18.193057,18.683626,11.439959,17.175352,14.5136477398715,14.4973567884444
11.6053984,17.914499,18.409014,11.637135,17.389190,11.3787720787572,14.5568773194803
11.6365984,17.539888,18.036326,11.686430,17.719666,7.76046957156057,15.1151674613858
11.6691168,17.270936,18.016711,11.883607,18.040423,5.0106177975713,15.7267917311814
11.7078448,16.934747,17.869597,12.051207,18.458379,1.43972695903002,16.4748913497826
11.7395344,16.867509,17.869597,12.130078,18.526418,0.713397976087776,16.557611217721
11.7690912,16.665795,17.732291,12.159654,18.730536,-1.16396426325923,16.9956477361332
11.8103296,16.368027,17.614600,12.238525,19.012414,-3.73031748528843,17.6762961729997
11.8403952,16.351058,17.663638,12.317396,19.537288,-5.69682112262085,18.4271384102345
11.8716544,16.148404,17.614600,12.268102,19.683087,-6.82721261555124,19.0669471979344
11.9028432,16.003651,17.545947,12.337114,19.799726,-8.13996650129733,19.2881875449044
11.9453712,15.723795,17.379218,12.475137,20.023284,-10.8010697204279,19.6536641799826
11.974112,15.617643,17.281143,12.593444,20.159362,-12.3149667090837,19.6863303864368
12.004104,15.588692,17.114414,12.800479,20.159362,-13.6428586946306,19.084913681741
12.0453616,15.646593,16.918262,12.997656,20.023284,-14.3019080837684,18.0822105110057
12.0953488,15.723795,16.663265,13.490599,19.838605,-15.9002256194815,16.30181376549
12.1253648,15.791346,16.447498,13.815940,19.644207,-16.820963578086,14.9116816260109
12.1766192,15.897498,17.288952,14.082129,19.381770,-13.6976010734842,15.1045771384207
12.2067632,16.071202,16.971427,14.535636,18.992974,-14.37684872449,12.8345704543913
12.2478784,16.206305,16.892046,14.653942,18.808296,-13.9799702454138,11.9497575858479
12.2878224,16.235256,16.872201,14.663801,18.652777,-13.4779684157801,11.5992256941983
12.3290864,16.447560,16.941659,14.890555,18.536138,-12.9177882244701,10.7230517034026
12.3603632,16.515111,16.911891,14.811684,18.497259,-12.4133617785011,10.6335856743618
12.4015856,16.486161,16.991273,14.860978,18.487539,-12.3787062943919,10.708325272838
12.4316544,16.650214,16.991273,14.791966,18.351460,-11.1817770790568,10.3181405410698
12.4616144,16.573013,17.001195,14.703237,18.332020,-11.044618478623,10.6033756798173
12.4978768,16.524762,17.090499,14.594789,18.293141,-10.4285524261103,10.9695213549526
12.5441008,16.534412,17.140112,14.584930,18.322300,-10.3014026113279,11.0961270383802
12.5733968,16.524762,16.378845,14.417330,18.448659,-12.6725343993759,10.3946840397331
12.6040928,16.505461,16.408268,14.397612,18.477819,-12.6703324559029,10.5618042987364
12.6541152,16.515111,16.486729,14.269447,18.487539,-11.9902233393562,10.9233166404432
12.6941184,16.447560,16.624035,14.190577,18.545858,-11.6937308422635,11.5104190910083
12.7390928,16.466860,16.692688,13.884952,18.594458,-10.5530334036197,12.2315607562693
12.7766192,16.437910,16.820186,13.727211,18.623617,-9.80251111003298,12.8320793230334
12.806904,16.428260,16.898647,13.648340,18.711097,-9.60761578491551,13.262890818736
12.8365952,16.476511,16.967300,13.510316,18.798576,-9.05948547468323,13.6795418540736
12.8878912,16.486161,17.065376,13.431445,18.779136,-8.38171338857434,13.9344196877164
12.9178864,16.447560,17.281143,13.342716,18.856895,-7.77502706696944,14.636243515066
12.9490976,16.370358,17.330180,13.184974,18.876335,-7.3997219443856,15.1900165657312
12.990328,16.312457,17.339988,13.135680,18.818015,-7.19049787213628,15.3193525508641
13.030376,16.187005,17.447871,12.997656,18.954094,-7.24040465707377,16.2048304746167
13.061632,16.225605,17.487102,12.938503,19.022133,-7.0204560240063,16.4101473270357
13.0966176,16.167704,17.496909,12.928644,19.002694,-7.07567437184576,16.5262114016618
13.1440992,16.167704,17.565562,12.977939,19.216532,-7.74311370439885,16.8646972906528
13.1741184,16.119453,17.614600,12.908927,19.187372,-7.4101878061075,17.1217218972488
13.2090928,15.994001,17.506717,12.830056,19.197092,-7.92778169974539,17.3685516073728
13.256616,15.965050,17.644023,12.721609,19.265131,-7.44182875263196,17.9500106203623
13.2866496,15.936099,17.771521,12.632879,19.459529,-7.48187569310481,18.6672367924902
13.3215792,15.868548,17.761714,12.632879,19.469249,-7.76321509138873,18.7996820051554
13.372896,15.810647,17.800944,12.563867,19.478969,-7.62328740154233,19.1230227835107
13.4003328,15.665894,17.869597,12.465279,19.508129,-7.6338430304767,19.7510579758506
13.431616,15.743095,18.055941,12.376549,19.624768,-6.88140601652843,20.2246788361061
13.4715952,15.675544,18.222670,12.139937,19.721967,-6.0922822416151,21.2196425672383
13.5028336,15.656243,18.232477,12.179372,19.780286,-6.45388307630171,21.2791921251107
13.5328288,15.627293,18.340361,12.031489,19.790006,-5.73375143782941,21.8052568531639
13.5703648,15.559741,18.409014,11.863889,19.838605,-5.32512716029048,22.4495784785328
13.6053568,15.472890,18.664011,11.666712,20.042723,-4.81496088271577,23.6862241632365
13.6341232,15.395688,18.614973,11.508970,20.101043,-4.8759914263128,24.1793730469456
13.6653696,15.328137,18.820932,11.400523,20.091323,-4.03218603280165,24.8195195168979
13.7065968,15.279886,18.840547,11.400523,20.295441,-4.82118644394059,25.2342045729815
13.7366048,15.125482,18.850355,11.341370,20.431520,-5.54241200208944,25.8796372098778
13.7666336,15.048281,19.007276,11.301935,20.518999,-5.45237933835547,26.4613227680139
13.8016096,14.855277,18.987661,11.232923,20.557878,-6.02716969894939,27.0342143672009
13.8378352,14.797376,19.036699,11.193487,20.693957,-6.38377098560847,27.4929358115213
13.8691376,14.720174,19.007276,11.183629,20.868915,-7.28378890055412,27.8748499691223
13.8991312,14.662273,19.036699,11.193487,20.849476,-7.34283043861689,27.9894873728497
13.9528208,14.536820,18.968046,11.154052,20.830036,-7.76882215497646,28.2171523107295
14.0003248,14.565771,18.958238,11.124475,20.898075,-7.83705374498799,28.2979367575073
14.03164,14.401717,18.899393,11.292076,20.975834,-9.3848784816765,28.3162141110623
14.0715792,14.401717,19.026891,11.321652,20.985554,-9.10304237799582,28.4403266902062
14.1028304,14.401717,18.958238,11.341370,20.956395,-9.29389205256995,28.2657356470926
14.1329104,14.343816,18.938623,11.420241,20.907795,-9.64704512238421,28.128493789684
14.1740992,14.363117,18.811124,11.508970,20.966114,-10.4906693148553,27.8062900325001
14.204136,14.334166,18.781702,11.577982,20.956395,-10.8787358983725,27.6684164569936
14.235336,14.285915,18.673818,11.617418,21.004994,-11.6827970246067,27.6056186337561
14.2666064,14.295565,18.664011,11.627277,21.053594,-11.8771167129,27.6178397209893
14.3066064,14.160462,18.467859,11.883607,21.053594,-13.8162934415874,27.0933849569349
14.3366656,14.179763,18.438437,11.932901,21.014714,-13.8841024026744,26.8552562155956
14.3678496,14.228014,18.359976,11.932901,20.985554,-13.8885581674892,26.6050175554923
14.4115632,14.092911,18.399206,12.041348,21.043874,-14.7544664818255,26.796131241874
14.439128,14.131512,18.310938,12.159654,21.102193,-15.4963331935523,26.427222764244
14.4691456,14.121862,18.252093,12.199090,21.082753,-15.7901275264796,26.2563952028582
14.5028544,14.112211,18.173632,12.218807,20.956395,-15.7377489075875,25.949397152448
14.5416768,14.073611,18.144209,12.287819,21.073033,-16.5699478344449,26.0081652013742
14.5728896,14.189413,18.183440,12.376549,21.082753,-16.3693346719509,25.6526977677192
14.6078736,14.237664,18.085364,12.494855,21.082753,-16.9179737153354,25.1720613907563
14.6541712,14.179763,17.987288,12.475137,20.946675,-16.9381617461664,25.0022434409032
14.6853552,14.179763,17.869597,12.603302,20.800876,-17.2776835404266,24.3642262258814
14.7165888,14.150812,17.918635,12.603302,20.820316,-17.2728385765458,24.5213183958999
14.7516304,14.189413,17.967673,12.731467,20.868915,-17.5482772495811,24.317593479028
14.7878864,14.256964,17.977480,12.731467,20.771716,-16.9748228252585,24.0551313293173
14.8178288,14.372767,17.948058,12.711750,20.655077,-16.243885365368,23.6504069661792
14.849104,14.372767,17.918635,12.800479,20.538439,-16.2518896470528,23.2600369687505
14.8879216,14.363117,17.928443,12.790620,20.538439,-16.2193543163115,23.3138652351322
14.9191072,14.440318,17.948058,12.830056,20.489839,-15.8655952365107,23.0350031300998
14.9503872,14.372767,17.967673,12.810338,20.548159,-16.1512029529225,23.3244153502577
14.9841568,14.469269,17.928443,12.849774,20.450959,-15.7721452059637,22.8519515912727
15.0203728,14.459619,17.948058,12.770903,20.450959,-15.482216530576,23.0599365157165
